--ts-sonic--# show interface counters | no-more
----------------------------------------------------------------------------------------------------------------------------------------------------------------------------------------------
Interface      State     RX_OK                 RX_ERR                RX_DRP                RX_OVERSIZE           TX_OK                 TX_ERR                TX_DRP                TX_OVERSIZE           
----------------------------------------------------------------------------------------------------------------------------------------------------------------------------------------------
Eth1/1         U         1353563795            0                     0                     0                     829136594             0                     0                     0                     
Eth1/2         U         29434198066           0                     0                     0                     38636085135           0                     0                     0                     
Eth1/3         U         11274191908           0                     0                     0                     12058007529           0                     0                     0                     
Eth1/4         U         159213218034          0                     0                     0                     147629917675          0                     0                     0                     
Eth1/5         U         1733685641            0                     0                     0                     1683453835            0                     0                     0                     
Eth1/6         U         478335777             0                     0                     0                     5704453871            0                     0                     0                     
Eth1/7         U         3721938166            0                     0                     0                     2553960246            0                     0                     0                     
Eth1/8         U         5885797111            0                     0                     0                     11722277005           0                     0                     0                     
Eth1/9         U         3070384125            0                     0                     0                     1940375762            0                     0                     0                     
Eth1/10        U         87389685038           0                     0                     0                     95098693450           0                     0                     0                     
Eth1/11        U         6191246689            0                     0                     0                     3497266245            0                     0                     0                     
Eth1/12        U         15964628308           417972152             0                     0                     30994445754           0                     0                     0                     
Eth1/13        U         3805801436            0                     0                     0                     2268302658            0                     0                     0                     
Eth1/14        U         171169088475          0                     0                     0                     149659730904          0                     0                     0                     
Eth1/15        U         3534807126            0                     0                     0                     2128378812            0                     0                     0                     
Eth1/16        U         58710956321           0                     0                     0                     48738634080           0                     0                     0                     
Eth1/17        U         801155                0                     0                     0                     133147424             0                     0                     0                     
Eth1/18        D         0                     0                     0                     0                     0                     0                     0                     0                     
Eth1/19        U         787713                0                     0                     0                     137510910             0                     0                     0                     
Eth1/20        D         0                     0                     0                     0                     0                     0                     0                     0                     
Eth1/21        U         1311701355            0                     0                     0                     1252395388            0                     0                     0                     
Eth1/22        U         43804838082           0                     0                     0                     59764651423           0                     0                     0                     
Eth1/23        U         1414690197            0                     0                     0                     1361937227            0                     0                     0                     
Eth1/24        U         48908671311           0                     0                     0                     78904590491           0                     0                     0                     
Eth1/25        D         0                     0                     0                     0                     0                     0                     0                     0                     
Eth1/26        D         0                     0                     0                     0                     0                     0                     0                     0                     
Eth1/27        D         0                     0                     0                     0                     0                     0                     0                     0                     
Eth1/28        D         0                     0                     0                     0                     0                     0                     0                     0                     
Eth1/29        D         0                     0                     0                     0                     0                     0                     0                     0                     
Eth1/30        D         0                     0                     0                     0                     0                     0                     0                     0                     
Eth1/31        U         1214105508            0                     0                     0                     1266376345            0                     0                     0                     
Eth1/32        U         45530850159           0                     0                     0                     81623720575           0                     0                     0                     
Eth1/33        U         11579305828           0                     0                     0                     20845041329           0                     0                     0                     
Eth1/34        D         0                     0                     0                     0                     0                     0                     0                     0                     
Eth1/35        D         0                     0                     0                     0                     0                     0                     0                     0                     
Eth1/36        D         0                     0                     0                     0                     0                     0                     0                     0                     
Eth1/37        D         0                     0                     0                     0                     0                     0                     0                     0                     
Eth1/38        D         0                     0                     0                     0                     0                     0                     0                     0                     
Eth1/39        D         0                     0                     0                     0                     0                     0                     0                     0                     
Eth1/40        D         0                     0                     0                     0                     0                     0                     0                     0                     
Eth1/41        U         81186059427           0                     0                     0                     77259060860           0                     0                     0                     
Eth1/42        U         2537454               0                     0                     0                     14301697              0                     0                     0                     
Eth1/43        U         58350948794           0                     0                     0                     56954206708           0                     0                     0                     
Eth1/44        U         2537442               0                     0                     0                     14301697              0                     0                     0                     
Eth1/45        U         73854887337           0                     0                     0                     69891180274           0                     0                     0                     
Eth1/46        U         2537450               0                     0                     0                     14301697              0                     0                     0                     
Eth1/47        U         15689157398           0                     0                     0                     20321278414           0                     0                     0                     
Eth1/48        U         2537445               0                     0                     0                     14301696              0                     0                     0                     
Eth1/49        U         1753058376            0                     0                     0                     51867625091           0                     0                     0                     
Eth1/50        D         0                     0                     0                     0                     0                     0                     0                     0                     
Eth1/51        U         1710265808            0                     0                     0                     66095402722           0                     0                     0                     
Eth1/52        D         0                     0                     0                     0                     0                     0                     0                     0                     
Eth1/53        U         240723573035          0                     0                     0                     180425255335          0                     0                     0                     
Eth1/54        U         196093500125          0                     0                     0                     214227871397          0                     0                     0                     
Eth1/55        U         219249773911          0                     0                     0                     169134015178          0                     0                     0                     
Eth1/56        U         216618926355          0                     0                     0                     164508278582          0                     0                     0                     
PortChannel1   U         3523771110            0                     0                     0                     1813851838            0                     0                     0                     
PortChannel2   U         72208789930           0                     0                     0                     88269882178           0                     0                     0                     
PortChannel3   U         11274191908           0                     0                     0                     12058007529           0                     0                     0                     
PortChannel4   U         159213218034          0                     0                     0                     147629917675          0                     0                     0                     
PortChannel5   U         4255090696            0                     0                     0                     2519807407            0                     0                     0                     
PortChannel6   U         45588641052           0                     0                     0                     39127931577           0                     0                     0                     
PortChannel7   U         5873811450            212                   0                     0                     3499078987            0                     0                     0                     
PortChannel8   U         9726634066            0                     0                     0                     19884770704           0                     0                     0                     
PortChannel9   U         3070384125            0                     0                     0                     1940375762            0                     0                     0                     
PortChannel10  U         87389685038           0                     0                     0                     95098693450           0                     0                     0                     
PortChannel11  U         6191246689            0                     0                     0                     3497266245            0                     0                     0                     
PortChannel12  U         15964628308           417972152             0                     0                     30994445754           0                     0                     0                     
PortChannel13  U         3805801436            0                     0                     0                     2268302658            0                     0                     0                     
PortChannel14  U         171169088475          0                     0                     0                     149659730904          0                     0                     0                     
PortChannel15  U         3534807126            0                     0                     0                     2128378812            0                     0                     0                     
PortChannel16  U         58710956321           0                     0                     0                     48738634080           0                     0                     0                     
PortChannel17  D         801155                0                     0                     0                     133147424             0                     0                     0                     
PortChannel18  D         0                     0                     0                     0                     0                     0                     0                     0                     
PortChannel19  U         787713                0                     0                     0                     137510910             0                     0                     0                     
PortChannel20  D         0                     0                     0                     0                     0                     0                     0                     0                     
PortChannel21  U         1311701355            0                     0                     0                     1252395388            0                     0                     0                     
PortChannel22  U         43804838082           0                     0                     0                     59764651423           0                     0                     0                     
PortChannel23  U         1414690197            0                     0                     0                     1361937227            0                     0                     0                     
PortChannel24  U         48908671311           0                     0                     0                     78904590491           0                     0                     0                     
PortChannel25  D         0                     0                     0                     0                     0                     0                     0                     0                     
PortChannel26  D         0                     0                     0                     0                     0                     0                     0                     0                     
PortChannel27  D         0                     0                     0                     0                     0                     0                     0                     0                     
PortChannel28  D         0                     0                     0                     0                     0                     0                     0                     0                     
PortChannel29  D         0                     0                     0                     0                     0                     0                     0                     0                     
PortChannel30  D         0                     0                     0                     0                     0                     0                     0                     0                     
PortChannel31  U         1214105508            0                     0                     0                     1266376345            0                     0                     0                     
PortChannel32  U         45530850159           0                     0                     0                     81623720575           0                     0                     0                     
PortChannel33  U         11579305828           0                     0                     0                     20845041329           0                     0                     0                     
PortChannel34  D         0                     0                     0                     0                     0                     0                     0                     0                     
PortChannel35  D         0                     0                     0                     0                     0                     0                     0                     0                     
PortChannel36  D         0                     0                     0                     0                     0                     0                     0                     0                     
PortChannel37  D         0                     0                     0                     0                     0                     0                     0                     0                     
PortChannel38  D         0                     0                     0                     0                     0                     0                     0                     0                     
PortChannel39  D         0                     0                     0                     0                     0                     0                     0                     0                     
PortChannel40  D         0                     0                     0                     0                     0                     0                     0                     0                     
PortChannel41  U         81186059427           0                     0                     0                     77259060860           0                     0                     0                     
PortChannel42  D         2537454               0                     0                     0                     14301697              0                     0                     0                     
PortChannel43  U         58350948794           0                     0                     0                     56954206708           0                     0                     0                     
PortChannel44  D         2537442               0                     0                     0                     14301697              0                     0                     0                     
PortChannel45  U         73854887337           0                     0                     0                     69891180274           0                     0                     0                     
PortChannel46  D         2537450               0                     0                     0                     14301697              0                     0                     0                     
PortChannel47  U         15689157398           0                     0                     0                     20321278414           0                     0                     0                     
PortChannel48  D         2537445               0                     0                     0                     14301696              0                     0                     0                     
PortChannel100 U         3463324184            0                     0                     0                     117963027813          0                     0                     0                     
