--ts-sonic--# show queue watermark unicast | no-more[J
Egress queue watermark per unicast queue:
----------------------------------------------------------------------------------------------------------------
Port        UC0       UC1       UC2       UC3       UC4       UC5       UC6       UC7       UC8       UC9       
----------------------------------------------------------------------------------------------------------------
Eth1/1      25088     0         0         0         0         0         0         0         0         512       
Eth1/2      3179008   1280      1280      0         1280      512       1280      0         0         1792      
Eth1/3      154368    0         0         0         0         0         0         0         0         512       
Eth1/4      7363584   1280      1280      1280      1280      0         1280      0         0         1792      
Eth1/5      148736    0         0         0         0         0         0         0         0         512       
Eth1/6      3227904   1280      1280      0         1280      0         0         0         0         1792      
Eth1/7      53504     0         0         0         0         0         0         0         0         512       
Eth1/8      445696    1280      1280      0         1280      0         0         0         0         1792      
Eth1/9      30464     0         0         0         0         0         0         0         0         512       
Eth1/10     620032    1280      1280      0         1280      1280      0         0         0         1792      
Eth1/11     50432     0         0         0         0         0         0         0         0         512       
Eth1/12     616448    0         0         0         0         0         0         0         0         1792      
Eth1/13     26368     0         0         0         0         0         0         0         0         512       
Eth1/14     766720    1280      1280      0         1280      0         0         0         0         1792      
Eth1/15     25856     0         0         0         0         0         0         0         0         512       
Eth1/16     493824    1280      1280      1280      1280      0         0         0         0         1792      
Eth1/17     1792      0         0         0         0         0         0         0         0         512       
Eth1/18     0         0         0         0         0         0         0         0         0         0         
Eth1/19     1792      0         0         0         0         0         0         0         0         512       
Eth1/20     0         0         0         0         0         0         0         0         0         0         
Eth1/21     126208    0         0         0         0         0         0         0         0         512       
Eth1/22     75520     0         0         0         0         0         0         0         0         1792      
Eth1/23     32768     0         0         0         0         0         0         0         0         512       
Eth1/24     156160    0         0         0         0         0         0         0         0         1792      
Eth1/25     0         0         0         0         0         0         0         0         0         0         
Eth1/26     0         0         0         0         0         0         0         0         0         0         
Eth1/27     0         0         0         0         0         0         0         0         0         0         
Eth1/28     0         0         0         0         0         0         0         0         0         0         
Eth1/29     0         0         0         0         0         0         0         0         0         0         
Eth1/30     0         0         0         0         0         0         0         0         0         0         
Eth1/31     33280     0         0         0         0         0         0         0         0         512       
Eth1/32     81664     0         0         0         0         0         0         0         0         1536      
Eth1/33     2643712   0         0         0         0         0         0         0         0         512       
Eth1/34     0         0         0         0         0         0         0         0         0         0         
Eth1/35     0         0         0         0         0         0         0         0         0         0         
Eth1/36     0         0         0         0         0         0         0         0         0         0         
Eth1/37     0         0         0         0         0         0         0         0         0         0         
Eth1/38     0         0         0         0         0         0         0         0         0         0         
Eth1/39     0         0         0         0         0         0         0         0         0         0         
Eth1/40     0         0         0         0         0         0         0         0         0         0         
Eth1/41     429568    0         0         0         0         0         0         0         0         512       
Eth1/42     0         0         0         0         0         0         0         0         0         512       
Eth1/43     796160    0         0         0         0         0         0         0         0         512       
Eth1/44     0         0         0         0         0         0         0         0         0         512       
Eth1/45     1900800   0         0         0         0         0         0         0         0         512       
Eth1/46     0         0         0         0         0         0         0         0         0         512       
Eth1/47     355840    0         0         0         0         0         0         0         0         512       
Eth1/48     0         0         0         0         0         0         0         0         0         512       
Eth1/49     6144      0         768       0         0         0         0         0         0         1792      
Eth1/50     0         0         0         0         0         0         0         0         0         0         
Eth1/51     6144      0         0         0         1024      0         0         0         0         1792      
Eth1/52     0         0         0         0         0         0         0         0         0         0         
Eth1/53     6400      1280      1280      1280      1280      1280      256       0         0         9216      
Eth1/54     6656      1280      1280      256       1280      1280      256       0         0         9216      
Eth1/55     5632      1280      1280      1280      1280      1280      1280      0         0         9216      
Eth1/56     6400      1280      1280      0         1280      1280      512       0         0         9216      
