 179       0 mmcblk0 206 0 11822 368 0 0 0 0 0 284 368 0 0 0 0 0 0
 179       1 mmcblk0p1 64 0 4208 164 0 0 0 0 0 140 164 0 0 0 0 0 0
 179       2 mmcblk0p2 90 0 5358 171 0 0 0 0 0 204 171 0 0 0 0 0 0
 179     512 mmcblk0boot1 68 0 1344 270 0 0 0 0 0 264 270 0 0 0 0 0 0
 179     256 mmcblk0boot0 68 0 1344 229 0 0 0 0 0 236 229 0 0 0 0 0 0
   8       0 sda 382897 3110 3261186 1268792 105616803 46174625 10216382694 229150728 0 72605664 240164669 361817 0 345407272 242104 19082203 9503043
   8       1 sda1 64 0 4208 30 0 0 0 0 0 36 30 0 0 0 0 0 0
   8       2 sda2 261 55 6770 116 14 10 48 5 0 212 190 46 0 203928 68 0 0
   8       3 sda3 59209 3055 2984450 18375 103382916 46174615 10216336528 228689864 0 70536580 228950275 361771 0 345203344 242035 0 0
   7       0 loop0 4554228 0 25912266 343924 0 0 0 0 0 6238012 343924 0 0 0 0 0 0
   7       1 loop1 48459 0 722434 85975 350826357 0 9215372664 164707245 0 65484368 197952353 256470 0 61858272 16148 5925541 33142982
   7       2 loop2 361 0 4914 174 508 0 3200 132 0 640 404 57 0 12737240 2 175 95
   7       3 loop3 0 0 0 0 0 0 0 0 0 0 0 0 0 0 0 0 0
   7       4 loop4 0 0 0 0 0 0 0 0 0 0 0 0 0 0 0 0 0
   7       5 loop5 0 0 0 0 0 0 0 0 0 0 0 0 0 0 0 0 0
   7       6 loop6 0 0 0 0 0 0 0 0 0 0 0 0 0 0 0 0 0
   7       7 loop7 0 0 0 0 0 0 0 0 0 0 0 0 0 0 0 0 0
 254       0 ramdisk 189 0 4234 239 7968078 4637720 398489760 20764147 0 31968276 20764386 0 0 0 0 0 0
