                    CPU0       CPU1       CPU2       CPU3       
          HI:          0          0          0          0
       TIMER:  874245090  887277940  895186406 1003553037
      NET_TX:  693392478  740291226 1643407591  691292696
      NET_RX: 1055068277  337541990 1013451468 2600395825
       BLOCK:   65230576   79478393   63316634   73825513
    IRQ_POLL:          0          0          0          0
     TASKLET:  106365148  113176416  121960554  108714084
       SCHED: 1542336659 1583133823 1555866934 1565967694
     HRTIMER:          0          0          0          0
         RCU: 3752065666 2982247295 2840501500 2921055461
