cpu  1666479297 292505 534241000 3061650301 2085321 0 157379984 0 0 0
cpu0 403463548 86972 153105243 788718733 505605 0 5662481 0 0 0
cpu1 442798558 75157 133897218 767530396 578634 0 8566395 0 0 0
cpu2 378790612 38959 112294020 744985880 456859 0 129444699 0 0 0
cpu3 441426578 91415 134944518 760415290 544221 0 13706408 0 0 0
intr 24254278575 11 0 0 0 0 0 0 8836 1 0 0 0 0 0 0 0 4103910983 0 0 0 0 0 0 0 0 0 0 0 0 0 0 0 0 0 0 0 1 2280537681 560743414 4201422007 664754834 856065 0 0 0 0 121967420 0 0 0 0 0 0 0 0 0 0 0 0 0 0 0 0 0 0 0 0 0 0 133740 27718955 0 1068997646 1068994303 688767767 267247891 0 133612759 1068986267 1227253959 0 0 0 0 0 0 0 0 0 0 0 0 0 0 0 0 0 0 0 0 0 0 0 0 0 0 0 0 0 0 0 0 0 0 0 0 0 0 0 0 0 0 0 0 0 0 0 0 0 0 0 0 0 0 0 0 0 0 0 0 0 0 0 0 0 0 0 0 0 0 0 0 0 0 0 0 0 0 0 0 0 0 0 0 0 0 0 0 0 0 0 0 0 0 0 0 0 0 0 0 0 0 0 0 0 0 0 0 0 0 0 0 0 0 0 0 0 0 0 0 0 0 0 0 0 0 0 0 0 0 0 0 0 0 0 0 0 0 0 0 0 0 0 0 0 0 0 0 0 0 0 0 0 0 0 0 0 0 0 0 0 0 0 0 0 0 0 0 0 0 0 0 0 0 0 0 0 0 0 0 0 0 0 0 0 0 0 0 0 0 0 0 0 0 0 0 0 0 0 0 0 0 0 0 0 0 0 0 0 0 0 0 0 0 0 0 0 0 0 0 0 0 0 0 0 0 0 0 0 0 0 0 0 0 0 0 0 0 0 0 0 0 0 0 0 0 0 0 0 0 0 0 0 0 0 0 0 0 0 0 0 0 0 0 0 0 0 0 0 0 0 0 0 0 0 0 0 0 0 0 0 0 0 0 0 0 0 0 0 0 0 0 0 0 0 0 0 0 0 0 0 0 0 0 0 0 0 0 0 0 0 0 0 0 0 0 0 0 0 0 0 0 0 0 0 0 0 0 0 0 0 0 0 0 0 0 0 0 0 0 0 0 0 0 0 0 0 0 0 0 0 0 0 0 0 0 0 0 0 0 0 0 0 0 0 0 0 0 0 0 0 0 0 0 0 0
ctxt 226602248595
btime 1756452083
processes 509414981
procs_running 1
procs_blocked 0
softirq 31910346393 0 3660262475 3768383993 711490268 281851116 0 450216202 1952337816 0 3905935339
