sk               Eth Pid        Groups   Rmem     Wmem     Dump  Locks    Drops    Inode
00000000d2af3723 0   3200254036 00000000 0        0        0     2        0        106296  
000000004e76d6f0 0   1094713618 00000001 0        0        0     2        0        117625  
0000000009cbe7ee 0   3972005972 00000000 0        0        0     2        0        116853  
00000000e887d88c 0   1728053597 00000000 0        0        0     2        0        90579   
00000000f2e32201 0   1086325022 00000001 0        0        0     2        0        142590  
000000005eb11a8b 0   1589641300 00000000 0        0        0     2        0        146404  
0000000098bada39 0   1140850772 00000001 0        0        0     2        0        146201  
00000000ea864f0e 0   536870996  00000001 0        0        0     2        0        101614  
000000000d8b2c51 0   1312817354 00000001 0        0        0     2        0        118596  
00000000c29b91e8 0   3275751815 00000000 0        0        0     2        0        89536   
000000005060868b 0   717226068  00000000 0        0        0     2        0        126812  
000000000a02fc73 0   3321888976 00000000 0        0        0     2        0        93106   
000000007e29282d 0   1111490985 00000001 0        0        0     2        0        148248  
000000005586f85e 0   2378170452 00000000 0        0        0     2        0        146845  
000000007cf2c670 0   3992977799 00000000 0        0        0     2        0        89538   
00000000fb410fad 0   1115685247 00000001 0        0        0     2        0        149747  
0000000052b46988 0   1946157140 00000001 0        0        0     2        0        129882  
00000000ca3a4311 0   2013265971 00000115 0        0        0     2        0        254027  
000000006d6cf9e3 0   4055892052 00000000 0        0        0     2        0        150638  
00000000693a34d3 0   3804233812 00000000 0        0        0     2        0        146751  
00000000ad469913 0   3120562260 00000001 0        0        0     2        0        106460  
000000002ca3ebda 0   1321205924 00000001 0        0        0     2        0        106059  
000000008ff47062 0   989855828  00000001 0        0        0     2        0        151084  
00000000cf04a0bc 0   1317011590 00000001 0        0        0     2        0        94759   
000000004aea3700 0   1237319764 00000000 0        0        0     2        0        106457  
00000000762e4cea 0   3909091412 00000001 0        0        0     2        0        92610   
00000000fdbcc51e 0   813695011  00000000 0        0        0     2        0        188035  
000000000b42ac02 0   1715470727 80000005 0        0        0     2        0        93264   
0000000098f9cbae 0   1841299540 00000000 0        0        0     2        0        151232  
000000006d153a1b 0   1069547604 00000000 0        0        0     2        0        147912  
00000000a44ee79b 0   3137339763 00000000 0        0        0     2        0        147764  
00000000cca493c1 0   3158311257 00000000 0        0        0     2        0        201298  
00000000b3448067 0   3472883796 00000001 0        0        0     2        0        146407  
000000003d874d99 0   3326083212 00000000 0        0        0     2        0        94847   
000000007f20cd24 0   3267362986 00000001 0        0        0     2        0        74437   
000000001d8f9b3e 0   1317011596 00000001 0        0        0     2        0        94851   
00000000dfc80dc7 0   8316       00000000 768      0        0     2        0        143770  
00000000fdc24015 0   2562719828 00000000 0        0        0     2        0        92479   
0000000094dfdacb 0   3166699604 00000000 0        0        0     2        0        143268  
000000003d6be461 0   15489      00000771 0        0        0     2        0        193953  
00000000aa4dd559 0   2600468564 00000001 0        0        0     2        0        126815  
000000007f9601e9 0   1728053619 00000000 0        0        0     2        0        88983   
00000000628f534f 0   3120562607 00000000 0        0        0     2        0        154015  
0000000064374f36 0   1409286228 00000001 0        0        0     2        0        145757  
00000000ddde2251 0   3317694648 00000000 0        0        0     2        0        92722   
000000000f953c60 0   1304428788 00000001 0        0        0     2        0        125112  
00000000420cce49 0   2852126776 00000000 0        0        0     2        0        197356  
0000000061f69847 0   3019898964 00000001 0        0        0     2        0        92489   
000000007f422f45 0   1312817360 00000001 0        0        0     2        0        93110   
0000000091e1587c 0   3212837217 00000000 0        0        0     2        0        144126  
00000000a90663b6 0   2881486932 00000000 0        0        0     2        0        152659  
0000000083133799 0   1430257715 00000000 0        0        0     2        0        254026  
00000000ff5523c4 0   683671636  00000000 0        0        0     2        0        146061  
000000003834ec08 0   3326083224 00000000 0        0        0     2        0        101543  
0000000095a67371 0   3435135060 00000000 0        0        0     2        0        142073  
00000000ea7fedb0 0   3120562601 00000000 0        0        0     2        0        148244  
00000000b3388a52 0   423625051  00000000 0        0        0     2        0        108017  
0000000078371e90 0   415236480  00000000 0        0        0     2        0        91249   
00000000a78675e5 0   637534292  00000001 0        0        0     2        0        145727  
00000000e54cb137 0   3661342826 00000000 0        0        0     2        0        208482  
0000000003fe2c3a 0   1308623032 00000001 0        0        0     2        0        92726   
0000000061504320 0   889192532  00000001 0        0        0     2        0        143271  
00000000c043c4bd 0   3388998255 00800020 0        0        0     2        0        235055  
00000000c28fd717 0   1488978004 00000000 0        0        0     2        0        129755  
00000000586acd59 0   2483028052 00000001 0        0        0     2        0        92730   
000000006aedf518 0   2315255892 00000001 0        0        0     2        0        145813  
00000000992970a2 0   884998228  00000000 0        0        0     2        0        96321   
00000000f67379c2 0   3288334688 00000000 0        0        0     2        0        84813   
00000000ad110c1c 0   427819092  00000000 0        0        0     2        0        88292   
0000000070811a41 0   2940207153 00000000 0        0        0     2        0        189211  
00000000ff42fb4a 0   4194304349 00000100 0        0        0     2        0        92311   
0000000044e8ea88 0   1325400160 00000001 0        0        0     2        0        89822   
0000000065185c63 0   2566914132 00000001 0        0        0     2        0        146064  
000000004d8f7601 0   1199571279 00000001 0        0        0     2        0        143949  
0000000012d181fe 0   4160749652 00000001 0        0        0     2        0        121083  
0000000035f1de9b 0   1115685253 00000001 0        0        0     2        0        149905  
00000000cada7c84 0   2411724884 00000000 0        0        0     2        0        121080  
000000007f634302 0   3099590912 00000000 0        0        0     2        0        135467  
00000000e07fad7e 0   1241514068 00000001 0        0        0     2        0        154093  
00000000bbce56a7 0   4223664212 00000000 0        0        0     2        0        129877  
0000000098d48b87 0   1694498900 00000001 0        0        0     2        0        116856  
000000008616d840 0   1107296675 00000001 0        0        0     2        0        152608  
0000000020854ca3 0   3338666099 00000000 0        0        0     2        0        94540   
000000009150d73d 0   3288334713 00000000 0        0        0     2        0        82689   
0000000086da8be4 0   3124756875 00000000 0        0        0     2        0        151005  
000000008ae34db5 0   3330277540 00000000 0        0        0     2        0        106055  
000000001ae60469 0   851        00000000 768      0        0     2        0        33034   
0000000038d63bc9 0   922746964  00000001 0        0        0     2        0        106299  
00000000fdfed682 0   1279263097 00000000 0        0        0     2        0        92251   
00000000596f628d 0   3212837211 00000000 0        0        0     2        0        144029  
00000000b3bc67ce 0   3288334707 00000000 0        0        0     2        0        88809   
00000000141cbbaa 0   3091202328 00000000 0        0        0     2        0        142202  
0000000070bcc910 0   931135537  00000000 0        0        0     2        0        189216  
00000000e6b253d8 0   3334471776 00000000 0        0        0     2        0        89816   
00000000a1158d88 0   333        800405f5 0        0        0     2        0        208481  
00000000d51cd203 0   3087007828 00000001 0        0        0     2        0        143284  
00000000311457ee 0   1279263072 00000000 0        0        0     2        0        89125   
00000000a065b54d 0   1321205844 00000000 0        0        0     2        0        152705  
000000001186ccc5 0   1279263091 00000000 0        0        0     2        0        88814   
00000000456bce6b 0   3124756863 00000000 0        0        0     2        0        149741  
000000004a03e1ce 0   603979860  00000001 0        0        0     2        0        152662  
0000000002ea235f 0   59         00000111 0        0        0     2        0        231172  
000000009bf4c855 0   1124073831 00000001 0        0        0     2        0        146690  
00000000a0d67b28 0   2818572372 00000001 0        0        0     2        0        147915  
00000000e6b3f17d 0   4001366361 00000000 0        0        0     2        0        84701   
000000007f338cb3 0   3183476820 00000000 0        0        0     2        0        131306  
0000000038283bea 0   1723859289 00000000 0        0        0     2        0        84760   
00000000ff768d81 0   3309306094 00000000 0        0        0     2        0        124869  
000000000921fa67 0   3418357844 00000000 0        0        0     2        0        146198  
00000000884828f5 0   3611296093 00000000 0        0        0     2        0        90963   
00000000f4238adb 0   1203765601 00000001 0        0        0     2        0        144135  
00000000e1511af4 0   3317694654 00000000 0        0        0     2        0        92841   
00000000055fb514 0   427819360  00000000 0        0        0     2        0        89123   
00000000d3a81c63 0   1119879575 00000001 0        0        0     2        0        151231  
00000000528d899e 0   354        00000001 0        0        0     2        0        216127  
000000003688f8aa 0   4009754708 00000001 0        0        0     2        0        145796  
00000000763e666b 0   3128951191 00000000 0        0        0     2        0        151217  
000000008551c358 0   2768240724 00000001 0        0        0     2        0        96324   
00000000f64e0b16 0   1321205918 00000001 0        0        0     2        0        105964  
00000000022c8b8f 0   180355156  00000000 0        0        0     2        0        143840  
000000008f7ed7de 0   3623878740 00000001 0        0        0     2        0        117725  
00000000710828d6 0   4001366363 00000000 0        0        0     2        0        84779   
0000000068f7b299 0   423625049  00000001 0        0        0     2        0        84758   
000000004a296673 0   1077936451 00000001 0        0        0     2        0        144796  
00000000470cb78e 0   1300234478 00000001 0        0        0     2        0        126014  
00000000f6de29a6 0   4005560691 00000000 0        0        0     2        0        88811   
00000000c22e602a 0   2915041364 00000000 0        0        0     2        0        145724  
00000000a30d9bb2 0   3087008061 00000000 0        0        0     2        0        142828  
00000000a5a393d2 0   352321620  00000001 0        0        0     2        0        150836  
000000006cc055f8 0   1317011608 00000001 0        0        0     2        0        101547  
000000004c56d0fa 0   264241203  00000000 0        0        0     2        0        195086  
000000009823097c 0   3284140379 00000000 0        0        0     2        0        84777   
00000000e3937dfe 0   427819357  00000000 0        0        0     2        0        82569   
00000000fafd6f33 0   230686755  00000000 0        0        0     2        0        188033  
0000000051a6ad0c 0   1157627988 00000001 0        0        0     2        0        142076  
000000000a0a8495 0   1275068763 00000000 0        0        0     2        0        108019  
00000000a53a830e 0   1262485875 00000001 0        0        0     2        0        147768  
000000003ceb8436 0   3288334685 00000000 0        0        0     2        0        87140   
0000000057e33dd7 0   1774190676 00000000 0        0        0     2        0        105047  
0000000074f52f6f 0   3326083206 00000000 0        0        0     2        0        94755   
00000000da2dc752 0   968884308  00000000 0        0        0     2        0        141987  
00000000c82d62c0 0   3133145453 00000000 0        0        0     2        0        145963  
00000000666a523a 0   3095396638 00000000 0        0        0     2        0        142586  
00000000af0160e0 0   1094713612 00000001 0        0        0     2        0        125481  
0000000082f01e61 0   1522532436 00000000 0        0        0     2        0        90013   
000000007c6e35bf 0   847249459  00000000 0        0        0     2        0        195088  
00000000e5eefd4a 0   3686793300 00000000 0        0        0     2        0        145754  
0000000088c75c71 0   3539992611 00000000 0        0        0     2        0        187997  
0000000006f74740 0   1107296669 00000001 0        0        0     2        0        151403  
00000000113d5648 0   4005560669 00000000 0        0        0     2        0        87142   
000000007dedcef8 0   1174405204 00000001 0        0        0     2        0        131309  
0000000070490a7e 0   2231369812 00000001 0        0        0     2        0        101559  
000000007e37888b 0   2948595796 00000000 0        0        0     2        0        101611  
00000000ed58bf1c 0   1275068761 00000004 0        0        0     2        0        84759   
00000000920c0f10 0   2311061853 00000000 0        0        0     2        0        90581   
000000006f1ade06 0   3162505565 00000000 0        0        0     2        0        90961   
00000000c4984af2 0   2852126804 00000001 0        0        0     2        0        141990  
00000000988e0766 0   3217031252 00000000 0        0        0     2        0        94455   
00000000c8da4205 0   1325400167 00000001 0        0        0     2        0        94388   
000000003c7524ab 0   415236487  00000000 0        0        0     2        0        91109   
00000000c5d2d745 0   285212756  00000001 0        0        0     2        0        92482   
00000000a4b14cfc 0   3790391179 00000000 0        0        0     2        0        208483  
000000005d3a8585 0   1203765595 00000001 0        0        0     2        0        144033  
00000000712f4b0c 0   1400897581 00000000 0        0        0     2        0        188324  
00000000d87c5228 0   1526726740 00000001 0        0        0     2        0        146754  
00000000f93c3758 0   3208642895 00000000 0        0        0     2        0        143919  
00000000667cb073 0   2826960941 00000000 0        0        0     2        0        190627  
00000000ec6edac8 0   1199571273 00000001 0        0        0     2        0        145679  
000000003d676f78 0   1077936445 00000001 0        0        0     2        0        142839  
00000000f8a41fd4 0   3917480025 00000000 0        0        0     2        0        89652   
00000000eb88bdcf 0   427819365  00000000 0        0        0     2        0        84877   
000000000f0a63f9 0   4005560697 00000000 0        0        0     2        0        82691   
00000000edce538e 0   2302673311 00000001 0        0        0     2        0        173442  
00000000e710fb46 0   427819385  00000000 0        0        0     2        0        92249   
000000001ece8fef 0   1279263077 00000000 0        0        0     2        0        84879   
000000000a9e712a 0   3720347732 00000000 0        0        0     2        0        92590   
0000000055abe8a3 0   3099590918 00000000 0        0        0     2        0        130009  
000000006ed0fcb1 0   3657433172 00000001 0        0        0     2        0        105050  
000000004c6693c7 0   3275751808 00000000 0        0        0     2        0        91237   
000000007e2237de 0   1979711572 00000001 0        0        0     2        0        90080   
000000000a9f7446 0   3137339476 00000001 0        0        0     2        0        101642  
000000006b425d42 0   2629828692 00000000 0        0        0     2        0        150833  
00000000c3ccd3f0 0   1119879569 00000001 0        0        0     2        0        151747  
000000003a3aa65f 0   1266680199 00000000 0        0        0     2        0        91111   
000000009ddaee00 0   599785556  00000000 0        0        0     2        0        92727   
00000000d9b5e410 0   2311061861 00000000 0        0        0     2        0        89177   
0000000095aa91d2 0   725        00000000 768      0        0     2        0        25427   
00000000e01a1b36 0   4005560677 00000000 0        0        0     2        0        84875   
0000000074b21d24 0   3087008067 00000000 0        0        0     2        0        144787  
000000001237c56f 0   1728053332 00000001 0        0        0     2        0        88326   
00000000fa243841 0   3317694660 00000000 0        0        0     2        0        106446  
000000001cda5062 0   427819379  00000000 0        0        0     2        0        88812   
000000008dc83b04 0   2805989998 00000000 0        0        0     2        0        240018  
00000000a84094cc 0   3338666106 00000000 0        0        0     2        0        92441   
0000000065aa1fcf 0   2025848916 00000000 0        0        0     2        0        92607   
00000000b0079954 0   1308623038 00000001 0        0        0     2        0        92845   
00000000c635c8ad 0   1191182420 00000001 0        0        0     2        0        92505   
000000000c971945 0   3116368291 00000000 0        0        0     2        0        152594  
000000002dca380d 0   432013396  00000000 0        0        0     2        0        145810  
00000000a9dd9d0a 0   3208642889 00000000 0        0        0     2        0        145672  
000000007e0446a3 0   2298478976 00000000 0        0        0     2        0        92273   
00000000a79806a5 0   3997172127 00000000 0        0        0     2        0        92278   
00000000cf7237c6 0   234881069  00000000 0        0        0     2        0        188315  
000000001ccfd626 0   3103785234 00000000 0        0        0     2        0        117619  
00000000b2f5f89a 0   1082130712 00000001 0        0        0     2        0        117747  
00000000bdac617f 0   1266680192 00000000 0        0        0     2        0        91251   
0000000036f8348e 0   952107092  00000000 0        0        0     2        0        145730  
000000005d3274ff 0   3103785228 00000000 0        0        0     2        0        125476  
00000000fc397e75 0   213909553  00000000 0        0        0     2        0        189214  
000000005e070111 0   348127316  00000000 0        0        0     2        0        101556  
000000004f48fe28 0   2311061875 00000000 0        0        0     2        0        88985   
00000000965856ef 0   3267362900 00000000 0        0        0     2        0        151081  
0000000051a43a15 0   3208642901 00000000 0        0        0     2        0        143044  
00000000cdd595f3 0   3330277552 00000000 0        0        0     2        0        109884  
00000000e88a6aca 0   1325400173 00000001 0        0        0     2        0        97260   
0000000034295377 0   1115685259 00000001 0        0        0     2        0        147918  
0000000025d4cef2 0   1090519302 00000001 0        0        0     2        0        139161  
00000000073e186a 0   1199571285 00000001 0        0        0     2        0        143050  
0000000036d671bf 0   1262485881 00000001 0        0        0     2        0        146381  
00000000b02af605 0   3103785044 00000001 0        0        0     2        0        145733  
000000008491ff16 0   1325400153 00000000 0        0        0     2        0        89707   
00000000df80ca31 0   3204448340 00000001 0        0        0     2        0        152708  
000000007ccb1a25 0   1337983060 00000000 0        0        0     2        0        143281  
000000007fc17538 0   2554945552 00000000 0        0        0     2        0        191244  
00000000124ab627 0   3288334693 00000000 0        0        0     2        0        84873   
0000000031859375 0   3519021140 00000000 0        0        0     2        0        154090  
000000003a8b53bc 0   1321205930 00000001 0        0        0     2        0        106079  
000000001a8bd110 0   3334471769 00000000 0        0        0     2        0        89650   
0000000043d59ee6 0   1124073837 00000001 0        0        0     2        0        145967  
000000000fa45197 0   3338666112 00000000 0        0        0     2        0        94662   
00000000f01354b5 0   1715470720 00000000 0        0        0     2        0        92271   
000000004d5526b4 0   817889325  00000000 0        0        0     2        0        188317  
00000000e9a88b7b 0   1329594490 00000001 0        0        0     2        0        92445   
0000000014f2cdd1 0   35         00000001 0        0        0     2        0        188054  
0000000091bbdd91 0   3086832980 00000001 0        0        0     2        0        191245  
00000000f2475eb2 0   1728053625 00000000 66048    0        0     2        31415    92252   
0000000068cee4d9 0   2118123565 00000111 0        0        0     2        0        188807  
0000000095c1b97b 0   1136656468 00000000 0        0        0     2        0        92486   
00000000a83678c8 0   3468689492 00000000 0        0        0     2        0        92502   
00000000b7698533 0   843055160  00000000 0        0        0     2        0        197383  
00000000d3ec0b8f 0   0          00000000 0        0        0     2        0        17      
0000000009a76ab1 0   2663383124 00000000 0        0        0     2        0        139162  
00000000c3386ae8 0   3678404653 00000000 0        0        0     2        0        190629  
0000000018193a5b 0   1442840660 00000001 0        0        0     2        0        92593   
00000000dc79a0f7 0   1329594483 00000001 0        0        0     2        0        94544   
0000000036ee2674 0   1719665055 00000000 0        0        0     2        0        90075   
0000000090e91da5 0   1728053605 00000000 0        0        0     2        0        89175   
00000000e8eec06c 0   3133145447 00000000 0        0        0     2        0        146685  
00000000c146301f 0   3724542036 00000001 0        0        0     2        0        151235  
00000000712d91ff 0   1329594496 00000001 0        0        0     2        0        94666   
000000005562f4e1 0   3137339769 00000000 0        0        0     2        0        146359  
00000000c39b1883 0   3217031467 00000000 0        0        0     2        0        144558  
00000000cd916485 0   3330277546 00000000 0        0        0     2        0        101731  
00000000bde74cb2 0   4005560672 00000000 0        0        0     2        0        84815   
0000000029f7a6c5 0   1073742123 00000001 0        0        0     2        0        141246  
00000000c6a83b87 0   2822766627 00000000 0        0        0     2        0        187995  
0000000012583b1f 0   1317011602 00000001 0        0        0     2        0        94956   
00000000ff10c2d1 0   3703570488 00000000 0        0        0     2        0        197358  
0000000019e21aea 0   1073741908 00000001 0        0        0     2        0        94458   
000000000ed978d3 0   1778384980 00000001 0        0        0     2        0        150641  
00000000e3d76c63 0   1279262804 00000000 0        0        0     2        0        88294   
000000008e32b964 0   1321205936 00000001 0        0        0     2        0        109888  
00000000a6acf25f 0   4261412948 00000001 0        0        0     2        0        146848  
00000000a0901950 0   3334471789 00000000 0        0        0     2        0        97256   
00000000cf82c75f 0   3523215409 00000000 0        0        0     2        0        189213  
0000000023a16385 0   3372220500 00000001 0        0        0     2        0        129758  
000000009d9a1e53 0   385876052  00000001 0        0        0     2        0        139165  
00000000ba1ae25e 0   1279263069 00000000 0        0        0     2        0        82571   
000000003473dbcc 0   608174169  00000000 0        0        0     2        0        89705   
00000000f37f6d69 0   3279946143 00000000 0        0        0     2        0        92276   
0000000087007304 0   2126512212 00000000 0        0        0     2        0        145793  
000000001661cf85 0   1304428794 00000001 0        0        0     2        0        129761  
00000000cba058b8 0   40         00000001 0        0        0     2        0        188944  
00000000f412ee6a 0   3330277534 00000000 0        0        0     2        0        105960  
00000000cd7fadb5 0   3405774932 00000001 0        0        0     2        0        90016   
000000001bd4e4ea 0   3284140377 00000000 0        0        0     2        0        84699   
00000000532711cd 0   1270874527 00000000 0        0        0     2        0        90074   
00000000b1c18caf 0   3124756869 00000000 0        0        0     2        0        149901  
00000000a45d9cad 0   3313500410 00000000 0        0        0     2        0        132384  
00000000385f47d0 0   2311061588 00000000 0        0        0     2        0        95664   
0000000025c178b8 0   3707562234 00000000 0        0        0     2        0        35635   
00000000e8f396f5 0   3116368285 00000000 0        0        0     2        0        151399  
00000000730592df 0   1874853972 00000000 0        0        0     2        0        117722  
0000000083db2463 0   1308623044 00000001 0        0        0     2        0        106453  
00000000da4993ac 0   1111490991 00000001 0        0        0     2        0        154020  
00000000fee766f2 0   4257218644 00000000 0        0        0     2        0        90077   
000000005832da85 0   2805989999 00000000 0        0        0     2        0        237970  
0000000086e83893 0   260046904  00000000 0        0        0     2        0        197381  
00000000ed9a5d8b 0   3334471783 00000000 0        0        0     2        0        94384   
0000000039347f52 0   985661524  00000000 0        0        0     2        0        101639  
0000000050b932a1 0   1090519296 00000001 0        0        0     2        0        135471  
000000004e3c6bac 0   3992977792 00000000 0        0        0     2        0        91239   
000000008eefd211 0   3288334420 00000000 0        0        0     2        0        88196   
0000000069b41eaf 0   419430815  00000000 0        0        0     2        0        90072   
0000000043f502d8 0   3128951185 00000000 0        0        0     2        0        151741  
00000000cbe21e3d 0   2306867545 00000000 0        0        0     2        0        84762   
00000000c880b3b6 0   2030043220 00000001 0        0        0     2        0        151437  
00000000f854f264 0   2063597652 00000001 0        0        0     2        0        143843  
00000000bd68c7fc 0   3321888970 00000000 0        0        0     2        0        118587  
000000001bf57a05 0   4005560404 00000000 0        0        0     2        0        88198   
000000008555fa13 0   146800724  00000000 0        0        0     2        0        151434  
00000000c13f5a8e 0   4194304084 00000001 0        0        0     2        0        95667   
000000005f6261b8 0   3326083218 00000000 0        0        0     2        0        94952   
00000000f8e5fd75 0   3313500404 00000000 0        0        0     2        0        125108  
00000000f6df027d 4   0          00000000 0        0        0     2        0        9287    
00000000fc3cdb82 6   725        00000000 0        0        0     2        0        25428   
00000000c36fe40c 6   8316       00000000 0        0        0     2        0        143771  
0000000058bd15f7 6   851        00000000 0        0        0     2        0        33035   
00000000e3d26a95 6   0          00000000 0        0        0     2        0        25361   
000000008bf4d4b0 7   0          00000000 0        0        0     2        0        9282    
000000001965e44c 9   0          00000000 0        0        0     2        0        23      
00000000980cf4ac 9   3167072387 00000000 0        0        0     2        0        12813   
000000006c258c59 9   1          00000001 0        0        0     2        0        12764   
0000000055a9474c 9   383        00000000 0        0        0     2        0        12104   
0000000019801579 10  0          00000000 0        0        0     2        0        8069    
00000000890a2e09 11  0          00000000 0        0        0     2        0        35      
000000008f8feb4f 12  8316       00000000 0        0        0     2        0        143772  
00000000427b62dc 12  725        00000000 0        0        0     2        0        25429   
0000000072010b1a 12  3099590720 00000007 0        0        0     2        0        134587  
0000000060a8c4c6 12  851        00000000 0        0        0     2        0        33036   
00000000e42c8667 12  0          00000000 0        0        0     2        0        12130   
000000001d9e459a 15  0          00000000 0        0        0     2        0        25      
00000000ef12ee5c 15  3944081959 00000002 0        0        0     2        0        10111   
0000000004289421 15  2315853032 00000001 0        0        0     2        0        12773   
00000000ae185e95 15  3391423987 00000002 0        0        0     2        0        10112   
00000000a2027dd0 15  546        00000002 0        0        0     2        0        10109   
00000000f303ef88 15  3761434443 00000002 0        0        0     2        0        10110   
00000000dced4d80 15  1          00000002 0        0        0     2        0        12740   
000000003ee8f3c7 16  528482388  00000000 0        0        0     2        0        116854  
00000000e0695d1b 16  482345289  00000200 0        0        0     2        0        145678  
00000000853107ec 16  3951034630 00000000 0        0        0     2        0        139159  
000000000b865834 16  452985076  00000200 0        0        0     2        0        125111  
000000003a04262d 16  3976200587 00000000 0        0        0     2        0        147916  
00000000a8a4c414 16  1883242580 00000200 0        0        0     2        0        126814  
00000000703c31e2 16  411042163  00000200 0        0        0     2        0        147767  
00000000f6890dac 16  926941268  00000200 0        0        0     2        0        154092  
00000000c02208a4 16  2877292628 00000000 0        0        0     2        0        92608   
00000000fd5901bc 16  2709520468 00000000 0        0        0     2        0        145794  
000000007361d273 16  1077936212 00000200 0        0        0     2        0        146753  
000000008695b158 16  3766485076 00000000 0        0        0     2        0        131307  
000000005b533035 16  591397054  00000200 0        0        0     2        0        92844   
00000000e89b1f93 16  494927956  00000000 0        0        0     2        0        146752  
000000006deb4806 16  3229614164 00000000 0        0        0     2        0        145725  
0000000013dd94e2 16  599785624  00000200 0        0        0     2        0        101546  
00000000f376459f 16  3984589159 00000000 0        0        0     2        0        146688  
00000000ec550624 16  2373976148 00000000 0        0        0     2        0        90014   
000000000ea5a188 16  2994733140 00000000 0        0        0     2        0        121081  
000000001090c338 16  205520980  00000200 0        0        0     2        0        106298  
0000000082708f31 16  1333788756 00000000 0        0        0     2        0        96322   
00000000aa5129ea 16  2520776788 00000200 0        0        0     2        0        145732  
00000000abfe69db 16  1585446996 00000000 0        0        0     2        0        92487   
000000007fa0f695 16  603979934  00000200 0        0        0     2        0        105963  
00000000696690ef 16  746586196  00000000 0        0        0     2        0        150639  
000000006873bb47 16  2625634388 00000000 0        0        0     2        0        105048  
00000000ac8adf96 16  3913285790 00000000 0        0        0     2        0        105962  
00000000da24a6bb 16  998244436  00000000 0        0        0     2        0        151435  
00000000fbd8052d 16  608174189  00000200 0        0        0     2        0        97259   
00000000cc15917b 16  3904897226 00000000 0        0        0     2        0        118594  
0000000070641f36 16  3292528724 00000200 0        0        0     2        0        145795  
0000000087b09029 16  3024093268 00000200 0        0        0     2        0        146406  
00000000b126277c 16  3791651157 00000000 0        0        0     2        0        143048  
000000005c1e19cc 16  599785606  00000200 0        0        0     2        0        94758   
000000009f63b67d 16  1803550804 00000000 0        0        0     2        0        145731  
00000000dd5f3e13 16  599785618  00000200 0        0        0     2        0        94955   
00000000d76fbe72 16  3988783475 00000000 0        0        0     2        0        147766  
00000000f44d6c1c 16  1195376724 00000200 0        0        0     2        0        150640  
000000005272d24d 16  2457862228 00000000 0        0        0     2        0        117723  
0000000082216093 16  4198498388 00000200 0        0        0     2        0        143270  
00000000a0cdc8d3 16  3976200581 00000000 0        0        0     2        0        149903  
00000000c9dcb388 16  2420113492 00000200 0        0        0     2        0        101641  
00000000f8709486 16  3795845467 00000000 0        0        0     2        0        144031  
000000008c0ca32c 16  3909091462 00000000 0        0        0     2        0        94757   
0000000003a7dde3 16  3900702910 00000000 0        0        0     2        0        92843   
000000002df7be1a 16  3904897232 00000000 0        0        0     2        0        93108   
00000000645e0398 16  1346371668 00000200 0        0        0     2        0        143842  
000000003da3af2b 16  3967812003 00000000 0        0        0     2        0        152606  
0000000009b1b11f 16  3800039508 00000000 0        0        0     2        0        94456   
00000000eaf2b0db 16  1837105236 00000000 0        0        0     2        0        101640  
00000000b4b203ed 16  3900702904 00000000 0        0        0     2        0        92724   
00000000cd97d048 16  2235564116 00000200 0        0        0     2        0        147914  
000000009412d71d 16  3804234051 00000000 0        0        0     2        0        144794  
0000000062cbdefb 16  3800039723 00000000 0        0        0     2        0        141244  
00000000eab78d64 16  3791651151 00000000 0        0        0     2        0        143947  
0000000046bfacff 16  3808428312 00000000 0        0        0     2        0        117745  
00000000dc7de039 16  3057647700 00000200 0        0        0     2        0        129757  
000000006d395cca 16  603979940  00000200 0        0        0     2        0        106058  
0000000070f616eb 16  3913285796 00000000 0        0        0     2        0        106057  
000000009d3fb10c 16  742391892  00000200 0        0        0     2        0        92504   
0000000059fb380f 16  402653585  00000200 0        0        0     2        0        151746  
00000000e5f4e3c2 16  1111490644 00000200 0        0        0     2        0        116855  
00000000baed03cd 16  486539617  00000200 0        0        0     2        0        144134  
0000000034774cc4 16  528482729  00000200 0        0        0     2        0        148247  
00000000ecc21a6c 16  4051697748 00000000 0        0        0     2        0        92503   
0000000044dda0ef 16  591397048  00000200 0        0        0     2        0        92725   
00000000fc5c6412 16  406847853  00000200 0        0        0     2        0        145966  
00000000296ad164 16  3921674368 00000000 0        0        0     2        0        94664   
00000000fdacca81 16  3414163540 00000000 0        0        0     2        0        92480   
000000008a7f3150 16  1635778644 00000000 0        0        0     2        0        152706  
0000000089c4108b 16  612368499  00000200 0        0        0     2        0        94543   
000000009f6a48bb 16  1300234324 00000000 0        0        0     2        0        126813  
00000000f9f31e85 16  574619732  00000200 0        0        0     2        0        142075  
000000005aa1eec7 16  511705356  00000200 0        0        0     2        0        125480  
000000007c701b3f 16  524288413  00000200 0        0        0     2        0        151402  
00000000f0373bfa 16  4118806612 00000000 0        0        0     2        0        151082  
00000000f9e475b7 16  482345295  00000200 0        0        0     2        0        143948  
000000008afcd4ec 16  3309305940 00000200 0        0        0     2        0        117724  
00000000cc5e7f5d 16  243269716  00000000 0        0        0     2        0        145755  
000000007758dbd0 16  3984589165 00000000 0        0        0     2        0        145965  
00000000f563bc63 16  603979952  00000200 0        0        0     2        0        109887  
00000000923e6627 16  0          00000000 0        0        0     2        0        18      
000000000fe2afbd 16  3976200575 00000000 0        0        0     2        0        149745  
000000009558559e 16  4081057876 00000200 0        0        0     2        0        145726  
00000000f606fc1f 16  3909091474 00000000 0        0        0     2        0        94954   
000000000ab503ae 16  507511040  00000200 0        0        0     2        0        135470  
00000000cf95e6d4 16  1447034964 00000200 0        0        0     2        0        151436  
0000000024fcdba2 16  3544186964 00000200 0        0        0     2        0        146847  
00000000e7695d09 16  448790766  00000200 0        0        0     2        0        126013  
000000004fed06eb 16  1551892564 00000000 0        0        0     2        0        141988  
00000000560129d7 16  595591370  00000200 0        0        0     2        0        118595  
00000000f694a5e4 16  1384120404 00000000 0        0        0     2        0        147913  
0000000002314d97 16  3829399636 00000200 0        0        0     2        0        139164  
00000000b3bfc8ba 16  3275751508 00000200 0        0        0     2        0        151234  
00000000370aadfa 16  2856321075 00000000 0        0        0     2        0        195084  
000000005f24a838 16  2172649556 00000000 0        0        0     2        0        146405  
00000000ea3da0e5 16  994050132  00000200 0        0        0     2        0        92592   
000000002e1c6e03 16  402653591  00000200 0        0        0     2        0        151230  
00000000716970d6 16  2088763476 00000000 0        0        0     2        0        106458  
00000000f2b02798 16  3900702916 00000000 0        0        0     2        0        106451  
0000000047c9b4ec 16  2424307796 00000000 0        0        0     2        0        151233  
000000004270ecbf 16  524288419  00000200 0        0        0     2        0        152607  
000000008b76f680 16  1262485588 00000200 0        0        0     2        0        90079   
00000000bbc24954 16  3972006319 00000000 0        0        0     2        0        154018  
00000000fdab35a1 16  499122456  00000200 0        0        0     2        0        117746  
00000000aec8f392 16  142606420  00000000 0        0        0     2        0        92591   
00000000ac2257e7 16  503316766  00000200 0        0        0     2        0        142589  
00000000c514f1c3 16  1283457108 00000000 0        0        0     2        0        145811  
000000006660aa57 16  3917480032 00000000 0        0        0     2        0        89820   
00000000e00ff513 16  3909091480 00000000 0        0        0     2        0        101545  
000000001414ea63 16  507511046  00000200 0        0        0     2        0        139160  
0000000047bc7412 16  3342860372 00000200 0        0        0     2        0        105049  
00000000b99900a4 16  486539611  00000200 0        0        0     2        0        144032  
000000003b3371d2 16  1379926100 00000200 0        0        0     2        0        101558  
0000000041fe76b8 16  3913285802 00000000 0        0        0     2        0        106077  
000000001d0a2301 16  1916797012 00000200 0        0        0     2        0        96323   
00000000c4d71351 16  3917480045 00000000 0        0        0     2        0        97258   
00000000ea1cfcd2 16  591397060  00000200 0        0        0     2        0        106452  
00000000537b7672 16  3946840350 00000000 0        0        0     2        0        142588  
00000000b31214e9 16  3162505300 00000000 0        0        0     2        0        95665   
00000000bc081368 16  608174183  00000200 0        0        0     2        0        94387   
00000000458a7537 16  3951034624 00000000 0        0        0     2        0        135469  
0000000082764738 16  511705362  00000200 0        0        0     2        0        117624  
000000003de2f598 16  599785612  00000200 0        0        0     2        0        94850   
0000000095869dbd 16  3330277460 00000000 0        0        0     2        0        152660  
00000000059dbce3 16  2168455252 00000200 0        0        0     2        0        92488   
00000000ce83e6b8 16  3867148372 00000000 0        0        0     2        0        146199  
000000004a3a5203 16  595591376  00000200 0        0        0     2        0        93109   
00000000c8cb81e6 16  541065300  00000200 0        0        0     2        0        151083  
00000000c826de4d 16  532676997  00000200 0        0        0     2        0        149904  
00000000e6a0ea97 16  1732247636 00000200 0        0        0     2        0        145812  
000000001b71ddaa 16  490733652  00000200 0        0        0     2        0        94457   
000000005b5c6d66 16  1317011540 00000000 0        0        0     2        0        92728   
0000000046194219 16  3577741396 00000200 0        0        0     2        0        121082  
000000000f664ead 16  3967811997 00000000 0        0        0     2        0        151401  
00000000d54b3c05 16  532677003  00000200 0        0        0     2        0        147917  
00000000d8e979ea 16  2956984404 00000200 0        0        0     2        0        90015   
00000000613e4063 16  3917480039 00000000 0        0        0     2        0        94386   
00000000ef314cff 16  289407060  00000200 0        0        0     2        0        146200  
00000000e975bad3 16  3611295828 00000200 0        0        0     2        0        95666   
0000000054f97cd8 16  3955228940 00000000 0        0        0     2        0        125479  
0000000013b6815d 16  3909091468 00000000 0        0        0     2        0        94849   
00000000c2432897 16  612368506  00000200 0        0        0     2        0        92444   
00000000dc4fe64b 16  603979946  00000200 0        0        0     2        0        106078  
000000004d7efac2 16  1031798868 00000000 0        0        0     2        0        143841  
0000000016feba28 16  3862954068 00000200 0        0        0     2        0        92481   
00000000667e70c4 16  3263168596 00000000 0        0        0     2        0        101612  
000000005470d913 16  3326083156 00000200 0        0        0     2        0        92609   
00000000634f3e8f 16  3955228946 00000000 0        0        0     2        0        117623  
000000000221fa25 16  3980394903 00000000 0        0        0     2        0        151229  
00000000d91271f5 16  3913285808 00000000 0        0        0     2        0        109886  
00000000dedd0be9 16  490733867  00000200 0        0        0     2        0        141245  
00000000657e06c5 16  452985082  00000200 0        0        0     2        0        129760  
00000000a3068a97 16  3972006313 00000000 0        0        0     2        0        148246  
00000000e81baa96 16  608174176  00000200 0        0        0     2        0        89821   
00000000a5a27e62 16  3913285716 00000200 0        0        0     2        0        152661  
00000000b23ccd89 16  3988783481 00000000 0        0        0     2        0        146379  
00000000d45a7535 16  2269118548 00000200 0        0        0     2        0        141989  
00000000134b9cdc 16  494928195  00000200 0        0        0     2        0        144795  
0000000085227d14 16  457179220  00000200 0        0        0     2        0        131308  
000000007791c310 16  1094713428 00000200 0        0        0     2        0        129879  
0000000046813659 16  826277972  00000200 0        0        0     2        0        145756  
000000003d7d2aaf 16  780140628  00000000 0        0        0     2        0        129878  
000000009b3ba64a 16  1631584340 00000200 0        0        0     2        0        92729   
0000000029a67260 16  494928189  00000200 0        0        0     2        0        142838  
00000000e9841e54 16  1983905876 00000200 0        0        0     2        0        146063  
00000000dcc28cb4 16  3921674355 00000000 0        0        0     2        0        94542   
00000000d235b855 16  3896508660 00000000 0        0        0     2        0        125110  
00000000047dfe48 16  2805989460 00000200 0        0        0     2        0        106459  
0000000072546472 16  1920991316 00000000 0        0        0     2        0        143282  
000000009b658fc8 16  3514826836 00000000 0        0        0     2        0        106297  
00000000cbf0358e 16  3804234045 00000000 0        0        0     2        0        142837  
000000008f492ce1 16  3980394897 00000000 0        0        0     2        0        151745  
00000000bb2025d9 16  209715284  00000000 0        0        0     2        0        154091  
0000000047fbb9bf 16  3896508666 00000000 0        0        0     2        0        129759  
00000000bb37a973 16  1065353300 00000000 0        0        0     2        0        101557  
0000000028026f8d 16  2961178708 00000000 0        0        0     2        0        146846  
00000000dc159555 16  411042169  00000200 0        0        0     2        0        146380  
000000002c143f6f 16  3921674362 00000000 0        0        0     2        0        92443   
00000000f2721db5 16  679477332  00000000 0        0        0     2        0        90078   
0000000042be4b03 16  2487222356 00000200 0        0        0     2        0        152707  
000000000825ce99 16  3615490132 00000000 0        0        0     2        0        143269  
00000000560b26f4 16  3661627476 00000200 0        0        0     2        0        150835  
000000001c5cde8c 16  406847847  00000200 0        0        0     2        0        146689  
0000000039072a3b 16  4114612308 00000200 0        0        0     2        0        101613  
00000000c14dd0f6 16  3707764787 00000200 0        0        0     2        0        195085  
00000000556beedb 16  528482735  00000200 0        0        0     2        0        154019  
0000000036f8fc32 16  3347054676 00000000 0        0        0     2        0        150834  
0000000083cc1ef1 16  3246391380 00000000 0        0        0     2        0        139163  
000000000a1d5871 16  2772435028 00000200 0        0        0     2        0        143283  
00000000493c71eb 16  482345301  00000200 0        0        0     2        0        143049  
000000004b991c26 16  2340421716 00000000 0        0        0     2        0        129756  
000000003ec65c5d 16  532676991  00000200 0        0        0     2        0        149746  
000000006e255d9c 16  3892314350 00000000 0        0        0     2        0        126012  
00000000a7dff2b9 16  612368512  00000200 0        0        0     2        0        94665   
000000008054bd86 16  3795845473 00000000 0        0        0     2        0        144133  
000000005f9485e9 16  3791651145 00000000 0        0        0     2        0        145677  
000000007c612e20 16  1266679892 00000000 0        0        0     2        0        146062  
00000000e70826f1 16  4152361044 00000000 0        0        0     2        0        142074  
000000009f9393d4 18  0          00000000 0        0        0     2        0        10289   
