 179       0 mmcblk0 206 0 11822 368 0 0 0 0 0 284 368 0 0 0 0 0 0
 179       1 mmcblk0p1 64 0 4208 164 0 0 0 0 0 140 164 0 0 0 0 0 0
 179       2 mmcblk0p2 90 0 5358 171 0 0 0 0 0 204 171 0 0 0 0 0 0
 179     512 mmcblk0boot1 68 0 1344 270 0 0 0 0 0 264 270 0 0 0 0 0 0
 179     256 mmcblk0boot0 68 0 1344 229 0 0 0 0 0 236 229 0 0 0 0 0 0
   8       0 sda 613451 3764 15519025 1750621 117912218 50682377 10616819440 235850180 0 80718884 248976377 464109 0 456021200 311444 22806312 11064130
   8       1 sda1 64 0 4208 30 0 0 0 0 0 36 30 0 0 0 0 0 0
   8       2 sda2 291 55 6830 120 14 10 48 5 0 232 194 46 0 203928 68 0 0
   8       3 sda3 190744 3709 15162178 119424 114805507 50682367 10616759152 235225236 0 77994328 235656036 464063 0 455817272 311376 0 0
   7       0 loop0 6990499 0 39649518 513059 0 0 0 0 0 9555456 513059 0 0 0 0 0 0
   7       1 loop1 101446 0 5850994 192792 373626246 0 9506849392 172681423 0 72629820 208358326 334440 0 79233144 19699 7525229 35464411
   7       2 loop2 381 0 5074 175 536 0 3200 137 0 760 415 57 0 12737240 2 203 100
   7       3 loop3 0 0 0 0 0 0 0 0 0 0 0 0 0 0 0 0 0
   7       4 loop4 0 0 0 0 0 0 0 0 0 0 0 0 0 0 0 0 0
   7       5 loop5 0 0 0 0 0 0 0 0 0 0 0 0 0 0 0 0 0
   7       6 loop6 0 0 0 0 0 0 0 0 0 0 0 0 0 0 0 0 0
   7       7 loop7 0 0 0 0 0 0 0 0 0 0 0 0 0 0 0 0 0
 254       0 ramdisk 192 0 4276 241 9823734 5838409 411869514 21521197 0 36054128 21521438 0 0 0 0 0 0
