                    CPU0       CPU1       CPU2       CPU3       
          HI:          0          0          0          0
       TIMER: 1075308806 1090134376 1107099493 1254042218
      NET_TX:  725465996  795553078 2632057944  733962927
      NET_RX: 1415385827 1055413734 3720917409 3323887749
       BLOCK:   72084363   87578924   69561697   81415481
    IRQ_POLL:          0          0          0          0
     TASKLET:  157254872  165539319  163635890  160398135
       SCHED: 2065180537 2127695981 2087823106 2103863118
     HRTIMER:          0          0          0          0
         RCU:  517315083 3839550437 3649155891 3757375755
