cpu  2051207146 506165 655301074 4168511169 2377061 0 199596819 0 0 0
cpu0 502042757 137267 188942591 1065559432 574127 0 6724083 0 0 0
cpu1 544219529 143542 163944771 1047233281 659451 0 10283223 0 0 0
cpu2 461071887 73339 136554158 1019558086 523809 0 166237180 0 0 0
cpu3 543872972 152016 165859553 1036160368 619673 0 16352332 0 0 0
intr 32007341341 11 0 0 0 0 0 0 14134 1 0 0 0 0 0 0 0 1660213712 0 0 0 0 0 0 0 0 0 0 0 0 0 0 0 0 0 0 0 1 2633325694 573209046 247527309 1007022448 1395969 0 0 0 0 137344828 0 0 0 0 0 0 0 0 0 0 0 0 0 0 0 0 0 0 0 0 0 0 218100 36246235 0 1396027369 1396019399 934036589 349004165 0 174492132 1396016651 1602935723 0 0 0 0 0 0 0 0 0 0 0 0 0 0 0 0 0 0 0 0 0 0 0 0 0 0 0 0 0 0 0 0 0 0 0 0 0 0 0 0 0 0 0 0 0 0 0 0 0 0 0 0 0 0 0 0 0 0 0 0 0 0 0 0 0 0 0 0 0 0 0 0 0 0 0 0 0 0 0 0 0 0 0 0 0 0 0 0 0 0 0 0 0 0 0 0 0 0 0 0 0 0 0 0 0 0 0 0 0 0 0 0 0 0 0 0 0 0 0 0 0 0 0 0 0 0 0 0 0 0 0 0 0 0 0 0 0 0 0 0 0 0 0 0 0 0 0 0 0 0 0 0 0 0 0 0 0 0 0 0 0 0 0 0 0 0 0 0 0 0 0 0 0 0 0 0 0 0 0 0 0 0 0 0 0 0 0 0 0 0 0 0 0 0 0 0 0 0 0 0 0 0 0 0 0 0 0 0 0 0 0 0 0 0 0 0 0 0 0 0 0 0 0 0 0 0 0 0 0 0 0 0 0 0 0 0 0 0 0 0 0 0 0 0 0 0 0 0 0 0 0 0 0 0 0 0 0 0 0 0 0 0 0 0 0 0 0 0 0 0 0 0 0 0 0 0 0 0 0 0 0 0 0 0 0 0 0 0 0 0 0 0 0 0 0 0 0 0 0 0 0 0 0 0 0 0 0 0 0 0 0 0 0 0 0 0 0 0 0 0 0 0 0 0 0 0 0 0 0 0 0 0 0 0 0 0 0 0 0 0 0 0 0 0 0 0 0 0 0 0 0 0 0 0 0 0 0 0 0 0 0 0 0 0 0 0 0 0 0 0 0 0 0 0 0 0
ctxt 286635581579
btime 1756452083
processes 656883770
procs_running 4
procs_blocked 0
softirq 40034658155 0 231617598 592072651 925670129 310640465 0 646828216 4089595448 0 3173462576
