sk               Eth Pid        Groups   Rmem     Wmem     Dump  Locks    Drops    Inode
00000000e811ec84 0   2352044703 00000000 0        0        0     2        0        70964   
00000000adf1e72e 0   1409286228 00000000 0        0        0     2        0        55554   
00000000f4c47d0c 0   1417675055 00000000 0        0        0     2        0        58032   
00000000f89e6e86 0   2944401768 00000000 0        0        0     2        0        58355   
00000000e32333c9 0   2134901042 00000000 0        0        0     2        0        61597   
000000008c241d74 0   343933288  00000000 0        0        0     2        0        58066   
0000000081aa0c74 0   2227175814 00000000 0        0        0     2        0        63082   
000000007d3af2d4 0   1421869404 00000000 0        0        0     2        0        60872   
00000000f0ff07ec 0   989855853  00000000 0        0        0     2        0        127894  
00000000c91fe771 0   4068474936 00000000 0        0        0     2        0        101153  
0000000071b0a331 0   1375732072 00000000 0        0        0     2        0        58069   
000000007d6c9036 0   255852892  00000000 0        0        0     2        0        60793   
0000000083fde840 0   541065325  00000111 0        0        0     2        0        127893  
0000000064188f08 0   2717909298 00000000 0        0        0     2        0        61599   
000000004c7d0eb6 0   1417675058 00000000 0        0        0     2        0        60224   
000000001739e7ed 0   566231076  00000000 0        0        0     2        0        96833   
00000000dfd76ebc 0   834666797  00000001 0        0        0     2        0        59977   
0000000039235ef4 0   255852870  00000000 0        0        0     2        0        61896   
000000000e245e7e 0   1262485553 00000000 0        0        0     2        0        100784  
00000000f945e42a 0   255852853  00000000 0        0        0     2        0        60519   
0000000059981b32 0   3653239174 00000000 0        0        0     2        0        62691   
00000000952900de 0   679477297  00000000 0        0        0     2        0        100782  
0000000063641dfa 0   2717909293 00000000 0        0        0     2        0        59981   
0000000009966afa 0   243        800405f5 0        0        0     2        0        70963   
0000000024b7bf32 0   872        00000000 768      0        0     2        0        27764   
00000000cc93e466 0   2944401798 00000001 0        0        0     2        0        80612   
00000000a88d0b50 0   3300917549 00000000 0        0        0     2        0        75818   
000000006b7673b6 0   1061159272 00000000 0        0        0     2        0        58067   
000000001c02b5a9 0   784334893  00000000 0        0        0     2        0        98728   
0000000095c62bda 0   2139095405 80000005 0        0        0     2        0        62657   
00000000291c883b 0   2139095366 00000000 0        0        0     2        0        61962   
00000000112869db 0   10029      00000000 768      0        0     2        0        75087   
0000000028e9eeea 0   675282995  00000000 0        0        0     2        0        99241   
00000000b18b3c93 0   251658543  00000000 0        0        0     2        0        57902   
00000000c3f4a504 0   3143869224 00000000 0        0        0     2        0        100013  
00000000ea11cf12 0   834666799  00000000 0        0        0     2        0        58030   
00000000e1e8dc23 0   3682599001 00000000 0        0        0     2        0        57124   
00000000c130c074 0   2134901037 00000000 0        0        0     2        0        59979   
00000000f9d08088 0   838861148  00000000 0        0        0     2        0        60870   
00000000223789a2 0   261        00000001 0        0        0     2        0        71432   
00000000aecfab7e 0   1073741880 00000000 0        0        0     2        0        101167  
0000000025eb1b79 0   3699376476 00000000 0        0        0     2        0        60791   
00000000b744d92a 0   834666804  00000000 0        0        0     2        0        61584   
000000008076beb4 0   4269802015 00800020 0        0        0     2        0        76512   
00000000182cbec2 0   3552576029 00000000 0        0        0     2        0        76513   
0000000067cf04f2 0   2722103622 00000000 0        0        0     2        0        61964   
000000005df5ac26 0   2216170830 00000000 0        0        0     2        0        28904   
000000002867fd4b 0   3699376493 00000000 0        0        0     2        0        58060   
00000000758835c9 0   440402226  00000100 0        0        0     2        0        62169   
0000000063b5c80e 0   3405774897 00000000 0        0        0     2        0        100779  
0000000004d63be1 0   1098907693 00000000 0        0        0     2        0        98730   
00000000a9da7d6c 0   838861165  00000000 0        0        0     2        0        58250   
0000000019f4b23b 0   15371      00000771 0        0        0     2        0        102764  
00000000dc6fe717 0   2227175784 00000000 0        0        0     2        0        58353   
000000005efaca08 0   239075417  00000000 0        0        0     2        0        57126   
000000007a6fd1e6 0   3762290866 00000001 0        0        0     2        0        50078   
000000000288f75b 0   3686793300 00000000 0        0        0     2        0        55468   
000000008e60b28e 0   1061159302 00000000 0        0        0     2        0        63079   
00000000e5fe295b 0   4256779147 00000000 0        0        0     2        0        70965   
000000004dd61ede 0   3699376454 00000000 0        0        0     2        0        61894   
00000000a641c13f 0   251658541  00000000 0        0        0     2        0        59949   
00000000d43fa578 0   4257218609 00000000 0        0        0     2        0        100781  
00000000ede03387 0   1417675060 00000000 0        0        0     2        0        61586   
0000000070106780 0   1417675053 00000004 0        0        0     2        0        59978   
00000000929cf9ce 0   255852909  00000000 0        0        0     2        0        58062   
00000000566a8e0c 0   838861109  00000000 0        0        0     2        0        60520   
000000009b27ad04 0   3695182132 00000000 0        0        0     2        0        60109   
00000000acf90d16 0   3699376437 00000000 0        0        0     2        0        60517   
00000000b7ebc790 0   3695182125 00000000 0        0        0     2        0        59947   
000000002e417ff5 0   3682599008 00000000 0        0        0     2        0        55216   
0000000022600baa 0   36         00000001 0        0        0     2        0        96842   
00000000de4c09ee 0   2667577389 00000111 0        0        0     2        0        98772   
000000001e0415d1 0   1421869382 00000000 0        0        0     2        0        61899   
0000000042340509 0   3695182127 00000000 0        0        0     2        0        57900   
000000007cf9786c 0   2126512212 00000001 0        0        0     2        0        55596   
00000000c37df6f5 0   2139095388 00000000 0        0        0     2        0        60873   
00000000e1c0e5d4 0   1124073523 00000000 0        0        0     2        0        99243   
00000000e0c20e19 0   834666802  00000000 0        0        0     2        0        60222   
00000000058a2c12 0   1421869365 00000000 0        0        0     2        0        60522   
00000000ceb00ada 0   2709520468 00000000 0        0        0     2        0        57645   
000000002c629d11 0   754        00000000 768      0        0     2        0        24717   
00000000b0710f5c 0   4143972388 00000000 0        0        0     2        0        96805   
0000000048cef028 0   1405091929 00000000 0        0        0     2        0        57603   
000000006bea49c6 0   1421869421 00000000 0        0        0     2        0        58252   
000000005b305257 0   1375732102 00000000 0        0        0     2        0        63081   
00000000a9e028bd 0   759169080  00000000 0        0        0     2        0        101165  
00000000107e7ddd 0   1950351405 00000000 0        0        0     2        0        98736   
0000000065774278 0   1149239332 00000000 0        0        0     2        0        96835   
00000000ea258e35 0   40         00000001 0        0        0     2        0        100572  
00000000d9ddbac1 0   3653239144 00000000 0        0        0     2        0        58064   
000000002529a161 0   826277972  00000000 0        0        0     2        0        55552   
00000000a9c125d3 0   3552576031 00000000 0        0        0     2        0        76507   
000000008843377c 0   70         00000111 0        0        0     2        0        106790  
00000000f75ebead 0   1405091936 00000001 0        0        0     2        0        55220   
000000001df64af4 0   822083673  00000000 0        0        0     2        0        57601   
0000000027be2753 0   838861126  00000000 0        0        0     2        0        61897   
000000006a8059e9 0   2722103605 00000000 0        0        0     2        0        60638   
0000000036104505 0   3485466680 00000000 0        0        0     2        0        101151  
00000000c13fcf5d 0   3695182130 00000000 0        0        0     2        0        60216   
000000004897e5e1 0   2139095349 00000000 0        0        0     2        0        60636   
00000000d7ff57e4 0   0          00000000 0        0        0     2        0        17      
000000002bc0a614 0   432013396  00000001 0        0        0     2        0        57648   
00000000d5f8a77d 0   243269716  00000000 0        0        0     2        0        55470   
000000000eca09e0 0   4018143538 00000000 0        0        0     2        0        61713   
00000000c2b9cd23 0   3426746404 00000000 0        0        0     2        0        96803   
00000000cc8a4c87 0   251658548  00000000 0        0        0     2        0        60111   
00000000f3251614 0   251658546  00000000 0        0        0     2        0        60218   
00000000f1946ac7 0   4227858477 00000000 0        0        0     2        0        98703   
00000000f9737bd2 0   3376414765 00000000 0        0        0     2        0        98701   
00000000932bb4dc 0   2711624138 00000001 0        0        0     2        0        100014  
0000000049591056 0   3300917554 00000000 0        0        0     2        0        61711   
000000004ca6141b 0   343933318  00000000 0        0        0     2        0        62693   
000000002b2be894 4   0          00000000 0        0        0     2        0        9532    
000000000ddd85c3 6   754        00000000 0        0        0     2        0        24718   
0000000048948f1d 6   872        00000000 0        0        0     2        0        27765   
000000001c57eb98 6   10029      00000000 0        0        0     2        0        75088   
00000000deabed4b 6   0          00000000 0        0        0     2        0        26226   
00000000fba35a61 7   0          00000000 0        0        0     2        0        9527    
00000000f10d62a9 9   352        00000000 0        0        0     2        0        13698   
00000000166e9828 9   3333471803 00000000 0        0        0     2        0        9154    
0000000002de011f 9   1          00000001 0        0        0     2        0        13497   
0000000052a5d381 9   0          00000000 0        0        0     2        0        23      
0000000047d4c782 10  0          00000000 0        0        0     2        0        8087    
000000001520b903 11  0          00000000 0        0        0     2        0        35      
00000000f242369b 12  872        00000000 0        0        0     2        0        27766   
000000007a3ceea6 12  754        00000000 0        0        0     2        0        24719   
0000000084db75a5 12  10029      00000000 0        0        0     2        0        75089   
000000003b711f0f 12  3670016064 00000007 0        0        0     2        0        65197   
0000000004395521 12  0          00000000 0        0        0     2        0        22339   
0000000084a1ac47 15  2303531515 00000002 0        0        0     2        0        24469   
00000000848d6143 15  533        00000002 0        0        0     2        0        24466   
000000003ffd461c 15  1          00000002 0        0        0     2        0        13475   
00000000a3f741df 15  2538180233 00000002 0        0        0     2        0        24467   
00000000f321606c 15  2167048081 00000001 0        0        0     2        0        13506   
000000006f52a677 15  3235696121 00000002 0        0        0     2        0        24468   
0000000022b52f14 15  0          00000000 0        0        0     2        0        25      
00000000ea7e0484 16  3292528724 00000000 0        0        0     2        0        57646   
0000000004bab19f 16  4009754708 00000200 0        0        0     2        0        57647   
000000009852cb35 16  0          00000000 0        0        0     2        0        18      
0000000019040d70 16  239075424  00000000 0        0        0     2        0        55218   
000000007438c071 16  3401580595 00000000 0        0        0     2        0        99239   
00000000b8311720 16  822083680  00000200 0        0        0     2        0        55219   
00000000190f632f 16  4253024307 00000000 0        0        0     2        0        99240   
000000000a111f2c 18  0          00000000 0        0        0     2        0        10329   
