sk       RefCnt Type Proto  Iface R Rmem   User   Inode
0000000008d3000b 3      3    0003   0     1 214682 0      60880 
00000000cdcc6718 3      3    8809   58    1 0      0      77793 
00000000ffa27a52 3      3    8809   83    1 0      0      80176 
0000000047a6643c 3      3    ff00   0     1 0      0      96839 
00000000ea3cd0bb 3      3    0003   0     1 213408 0      100381
00000000af6c5a4c 2      3    0003   34    0 0      0      95833 
0000000030646a0a 2      3    0003   41    0 0      0      95842 
0000000072a9b098 2      3    0003   28    0 0      0      95847 
0000000018645efa 2      3    0003   75    0 0      0      95852 
0000000020687298 2      3    0003   61    0 0      0      95858 
00000000377a36a1 2      3    0003   64    0 0      0      95863 
0000000014c310cc 2      3    0003   38    0 0      0      95871 
00000000395c4ef3 2      3    0003   77    0 0      0      95876 
00000000ad0870ea 3      3    0003   53    1 0      0      95892 
000000004a177689 3      3    0003   46    1 0      0      95900 
00000000140e05e2 3      3    0003   45    1 0      0      95905 
00000000094cb570 2      3    0003   30    0 0      0      95914 
00000000fab11848 2      3    0003   42    0 0      0      95921 
00000000f2eacc1a 2      3    0003   84    0 0      0      95927 
00000000df3d7314 3      3    0003   83    1 0      0      95932 
0000000028ebac1e 2      3    0003   36    0 0      0      95946 
0000000016d3607a 2      3    0003   66    0 0      0      95951 
000000006d2ab39c 3      3    0003   55    1 0      0      95956 
0000000084d7a233 3      3    0003   67    1 0      0      95961 
00000000d5060ef8 3      3    0003   60    1 0      0      95966 
0000000096d63f84 3      3    0003   58    1 0      0      95971 
00000000bfa9a282 2      3    0003   37    0 0      0      95976 
0000000069397af1 2      3    0003   72    0 0      0      95981 
0000000022b01bb9 3      3    0003   48    1 0      0      95986 
00000000cfaf2814 2      3    0003   31    0 0      0      95992 
000000001e2f99d3 2      3    0003   43    0 0      0      96012 
00000000abb1dad0 3      3    0003   50    1 0      0      96017 
000000007b63b003 2      3    0003   78    0 0      0      96024 
0000000032b65bd3 2      3    0003   44    0 0      0      96030 
000000001d86a2e7 2      3    0003   51    0 0      0      96035 
0000000051dfcb05 2      3    0003   80    0 0      0      96041 
000000006ef109bf 2      3    0003   54    0 0      0      96046 
00000000e3e4e6da 3      3    0003   49    1 0      0      96051 
000000007ca243f6 3      3    0003   69    1 0      0      96056 
000000003f7354b1 2      3    0003   40    0 0      0      96061 
000000004549bcde 3      3    0003   56    1 0      0      96075 
0000000038e88ee6 3      3    0003   62    1 0      0      96081 
0000000049218eb1 2      3    0003   81    0 0      0      96086 
00000000a1d09036 2      3    0003   74    0 0      0      96091 
000000006709748d 2      3    0003   57    0 0      0      96096 
0000000061f55390 3      3    0003   63    1 0      0      96101 
00000000a1b5797f 2      3    0003   76    0 0      0      99532 
00000000ee35c235 2      3    0003   70    0 0      0      99542 
000000008079372c 2      3    0003   79    0 0      0      99548 
00000000ae036fee 2      3    0003   59    0 0      0      99554 
0000000021a63125 2      3    0003   33    0 0      0      99563 
000000004ac5027f 3      3    0003   65    1 0      0      99577 
00000000cbe67949 2      3    0003   73    0 0      0      99589 
000000008ce32f7d 2      3    0003   39    0 0      0      99602 
00000000123deeb6 3      3    0003   68    1 0      0      99607 
00000000dbe59ce0 3      3    0003   47    1 0      0      99615 
0000000060746d1a 2      3    0003   71    0 0      0      99626 
000000009d06d499 2      3    0003   35    0 0      0      99637 
000000002e2852f1 2      3    0003   29    0 0      0      99653 
0000000007846475 2      3    0003   52    0 0      0      98957 
00000000c2e1cc52 2      3    0003   82    0 0      0      98962 
00000000545d6d73 2      3    0003   28    0 0      0      100017
000000007a86c419 2      3    0003   29    0 0      0      100021
000000009007ecbc 2      3    0003   30    0 0      0      100025
00000000a73ca2d6 2      3    0003   31    0 0      0      100027
00000000f4573625 2      3    0003   33    0 0      0      100033
0000000064b41c1f 2      3    0003   34    0 0      0      100034
000000006bb68b63 2      3    0003   35    0 0      0      100038
0000000090fef0ad 2      3    0003   36    0 0      0      100039
00000000917b23e8 2      3    0003   37    0 0      0      100040
00000000e935eba7 2      3    0003   38    0 0      0      100043
00000000b6be491a 2      3    0003   39    0 0      0      100052
000000009a172340 2      3    0003   40    0 0      0      100072
0000000059a48c9f 2      3    0003   41    0 0      0      100074
000000003b2e6b1a 2      3    0003   42    0 0      0      100075
0000000099da62ca 2      3    0003   43    0 0      0      100076
00000000b2571b6f 2      3    0003   44    0 0      0      100078
000000005a61eb89 3      3    0003   45    1 0      0      100085
00000000920c5a30 3      2    0806   0     1 4207616 0      99244 
00000000f1eb509f 3      3    0003   46    1 0      0      100089
00000000eef6a068 3      3    0003   47    1 0      0      100096
0000000090b9552c 3      3    0003   48    1 0      0      100108
00000000fc133d44 3      3    0003   49    1 0      0      100117
000000002da7d87b 3      3    0003   50    1 0      0      100134
00000000e40ccb8a 2      3    0003   51    0 0      0      100144
0000000025a757c6 2      3    0003   52    0 0      0      100151
000000002177e676 3      3    0003   53    1 0      0      100158
000000002738e09d 2      3    0003   54    0 0      0      100165
000000002f966551 3      3    0003   55    1 0      0      100187
000000000a23e9b8 3      3    0003   56    1 0      0      100194
000000001c02546f 2      3    0003   57    0 0      0      100214
00000000ba618ddb 3      3    0003   58    1 0      0      100218
000000003e5d6cfa 2      3    0003   59    0 0      0      100219
00000000aed92a4c 3      3    0003   60    1 0      0      100238
0000000065dc8f77 2      3    0003   61    0 0      0      100242
00000000b3d349e1 3      3    0003   62    1 0      0      100260
00000000816260c1 3      3    0003   63    1 0      0      100263
000000002a03ef83 2      3    0003   64    0 0      0      100265
000000009a104aa7 3      3    0003   65    1 0      0      100283
00000000a7cb2903 2      3    0003   66    0 0      0      100287
0000000048dd8a7c 3      3    0003   67    1 0      0      100288
00000000b3bcb88e 3      3    0003   68    1 0      0      100296
0000000095ba8b6a 3      3    0003   69    1 0      0      100300
0000000043ac571c 2      3    0003   70    0 0      0      100304
00000000e41cc000 2      3    0003   71    0 0      0      100307
00000000f0ce5772 2      3    0003   72    0 0      0      100310
0000000002f20069 2      3    0003   73    0 0      0      100311
0000000007b96aa7 2      3    0003   74    0 0      0      100316
000000007306bee5 2      3    0003   75    0 0      0      100317
00000000de8ce3e8 2      3    0003   76    0 0      0      100319
00000000d7e3e491 2      3    0003   77    0 0      0      100323
00000000a94e601a 2      3    0003   78    0 0      0      100326
000000000374e5ed 2      3    0003   79    0 0      0      100329
00000000248de50d 2      3    0003   80    0 0      0      100330
000000008715f24c 2      3    0003   81    0 0      0      100336
0000000006ef221f 2      3    0003   82    0 0      0      100340
00000000c0731cd8 3      3    0003   83    1 0      0      100352
000000004637f9e7 2      3    0003   84    0 0      0      103446
00000000bc0dc419 3      3    88cc   2     1 0      102    106809
000000003177ad0c 2      3    88cc   28    0 0      102    106008
00000000fd88de7e 2      3    88cc   29    0 0      102    106012
00000000f854eeac 2      3    88cc   30    0 0      102    106021
000000002c7d2dc0 2      3    88cc   31    0 0      102    106029
00000000e6211f5f 2      3    88cc   33    0 0      102    106038
000000004a73bb59 2      3    88cc   34    0 0      102    106047
000000002d9b50db 2      3    88cc   35    0 0      102    106074
00000000ebf3ad0a 2      3    88cc   36    0 0      102    106080
000000005cdfe771 2      3    88cc   37    0 0      102    106090
000000007602506b 2      3    88cc   38    0 0      102    106094
00000000a9de7488 2      3    88cc   39    0 0      102    106106
00000000c5b1ced1 2      3    88cc   40    0 0      102    106116
000000003f16009c 2      3    88cc   41    0 0      102    106120
0000000033c7e045 2      3    88cc   42    0 0      102    106124
0000000073b513b0 2      3    88cc   43    0 0      102    106131
00000000b0bb83e5 2      3    88cc   44    0 0      102    106137
00000000ebf63b3d 3      3    88cc   45    1 0      102    106141
0000000068895530 3      3    88cc   46    1 0      102    106149
00000000097ae8c7 3      3    88cc   47    1 0      102    105258
0000000094bfe5d3 3      3    88cc   48    1 0      102    105320
00000000b99527b9 3      3    88cc   49    1 0      102    105327
00000000d8409b5e 3      3    88cc   50    1 0      102    105335
0000000048c2f4c5 2      3    88cc   51    0 0      102    105357
00000000d9493626 2      3    88cc   52    0 0      102    105363
00000000c269e308 3      3    88cc   53    1 0      102    105385
000000005926d18c 2      3    88cc   54    0 0      102    105414
000000006d641b6f 3      3    88cc   55    1 0      102    105433
000000003ceb2a6a 3      3    88cc   56    1 0      102    105437
00000000a584978c 2      3    88cc   57    0 0      102    105441
0000000007e7d9c0 3      3    88cc   58    1 0      102    105445
0000000026a735b0 2      3    88cc   59    0 0      102    106240
00000000d8df0a30 3      3    88cc   60    1 0      102    106248
000000005c3ab9e6 2      3    88cc   61    0 0      102    106252
0000000002a2a0ff 3      3    88cc   62    1 0      102    106256
00000000b9f54493 3      3    88cc   63    1 0      102    106260
00000000ed2aef13 2      3    88cc   64    0 0      102    106264
000000002b1a7ca2 3      3    88cc   65    1 0      102    106268
00000000c7aff754 2      3    88cc   66    0 0      102    106272
000000007cf8d441 3      3    88cc   67    1 0      102    106276
0000000002f597ce 3      3    88cc   68    1 0      102    106280
00000000b023e0bc 3      3    88cc   69    1 0      102    106284
000000006d847e8b 2      3    88cc   70    0 0      102    106288
0000000082069db0 2      3    88cc   71    0 0      102    106292
00000000a08d4a34 2      3    88cc   72    0 0      102    106296
000000008abcedc0 2      3    88cc   73    0 0      102    106300
00000000e8357ed5 2      3    88cc   74    0 0      102    106304
00000000f2512692 2      3    88cc   75    0 0      102    106308
00000000ce7a6893 2      3    88cc   76    0 0      102    106312
00000000d03b101d 2      3    88cc   77    0 0      102    106316
00000000fbbf41d6 2      3    88cc   78    0 0      102    106320
00000000eaa4f029 2      3    88cc   79    0 0      102    107200
00000000efa71c1d 2      3    88cc   80    0 0      102    107204
00000000fa45e401 2      3    88cc   81    0 0      102    107208
00000000c81ad763 2      3    88cc   82    0 0      102    107212
00000000c9feebae 3      3    88cc   83    1 0      102    107216
0000000002a8a670 2      3    88cc   84    0 0      102    107220
00000000b1dd0887 3      3    8035   0     1 0      0      127895
000000002654c51a 3      3    86dd   0     1 214272 0      127896
