--ts-sonic--# show interface counters | no-more
----------------------------------------------------------------------------------------------------------------------------------------------------------------------------------------------
Interface      State     RX_OK                 RX_ERR                RX_DRP                RX_OVERSIZE           TX_OK                 TX_ERR                TX_DRP                TX_OVERSIZE           
----------------------------------------------------------------------------------------------------------------------------------------------------------------------------------------------
Eth1/1         U         46288                 0                     0                     0                     1948579               0                     47                    0                     
Eth1/2         U         15758858172           0                     34                    0                     19551785256           0                     13                    0                     
Eth1/3         U         46291                 0                     0                     0                     1948575               0                     52                    0                     
Eth1/4         U         8349514241            0                     33                    0                     6956621172            0                     11                    0                     
Eth1/5         U         46289                 0                     0                     0                     1175514               0                     6899                  0                     
Eth1/6         U         46289                 0                     0                     0                     1175503               0                     6910                  0                     
Eth1/7         D         0                     0                     0                     0                     0                     0                     0                     0                     
Eth1/8         D         0                     0                     0                     0                     0                     0                     0                     0                     
Eth1/9         D         0                     0                     0                     0                     0                     0                     0                     0                     
Eth1/10        D         0                     0                     0                     0                     0                     0                     0                     0                     
Eth1/11        D         0                     0                     0                     0                     0                     0                     0                     0                     
Eth1/12        U         32313126774           0                     52                    0                     26610839228           0                     30249                 0                     
Eth1/13        D         0                     0                     0                     0                     0                     0                     0                     0                     
Eth1/14        D         0                     0                     0                     0                     0                     0                     0                     0                     
Eth1/15        D         0                     0                     0                     0                     0                     0                     0                     0                     
Eth1/16        D         0                     0                     0                     0                     0                     0                     0                     0                     
Eth1/17        D         0                     0                     0                     0                     0                     0                     0                     0                     
Eth1/18        D         0                     0                     0                     0                     0                     0                     0                     0                     
Eth1/19        D         0                     0                     0                     0                     0                     0                     0                     0                     
Eth1/20        D         0                     0                     0                     0                     0                     0                     0                     0                     
Eth1/21        U         7405310549            0                     0                     0                     5760094155            0                     6                     0                     
Eth1/22        U         8387078618            0                     0                     0                     8504445132            0                     0                     0                     
Eth1/23        U         0                     0                     0                     0                     3313949               0                     43                    0                     
Eth1/24        D         0                     0                     0                     0                     0                     0                     0                     0                     
Eth1/25        D         0                     0                     0                     0                     0                     0                     0                     0                     
Eth1/26        D         0                     0                     0                     0                     0                     0                     0                     0                     
Eth1/27        D         0                     0                     0                     0                     0                     0                     0                     0                     
Eth1/28        D         407                   0                     0                     0                     6                     0                     0                     0                     
Eth1/29        D         0                     0                     0                     0                     0                     0                     0                     0                     
Eth1/30        D         0                     0                     0                     0                     0                     0                     0                     0                     
Eth1/31        D         0                     0                     0                     0                     0                     0                     0                     0                     
Eth1/32        D         0                     0                     0                     0                     0                     0                     0                     0                     
Eth1/33        D         0                     0                     0                     0                     0                     0                     0                     0                     
Eth1/34        D         0                     0                     0                     0                     0                     0                     0                     0                     
Eth1/35        D         0                     0                     0                     0                     0                     0                     0                     0                     
Eth1/36        D         0                     0                     0                     0                     0                     0                     0                     0                     
Eth1/37        D         0                     0                     0                     0                     0                     0                     0                     0                     
Eth1/38        D         0                     0                     0                     0                     0                     0                     0                     0                     
Eth1/39        D         0                     0                     0                     0                     0                     0                     0                     0                     
Eth1/40        D         0                     0                     0                     0                     0                     0                     0                     0                     
Eth1/41        D         0                     0                     0                     0                     0                     0                     0                     0                     
Eth1/42        D         0                     0                     0                     0                     0                     0                     0                     0                     
Eth1/43        D         0                     0                     0                     0                     0                     0                     0                     0                     
Eth1/44        D         0                     0                     0                     0                     0                     0                     0                     0                     
Eth1/45        D         0                     0                     0                     0                     0                     0                     0                     0                     
Eth1/46        D         0                     0                     0                     0                     0                     0                     0                     0                     
Eth1/47        D         0                     0                     0                     0                     0                     0                     0                     0                     
Eth1/48        D         0                     0                     0                     0                     0                     0                     0                     0                     
Eth1/49        U         27013187109           0                     13                    0                     26430535396           0                     3                     0                     
Eth1/50        D         0                     0                     0                     0                     0                     0                     0                     0                     
Eth1/51        U         25973183193           0                     14                    0                     31365956752           0                     4                     0                     
Eth1/52        D         0                     0                     0                     0                     0                     0                     0                     0                     
Eth1/53        D         0                     0                     0                     0                     0                     0                     0                     0                     
Eth1/54        D         0                     0                     0                     0                     0                     0                     0                     0                     
Eth1/55        D         0                     0                     0                     0                     0                     0                     0                     0                     
Eth1/56        D         0                     0                     0                     0                     0                     0                     0                     0                     
PortChannel100 U         52986370302           0                     27                    0                     57796492148           0                     7                     0                     
