--ts-sonic--# show priority-group watermark percentage shared | no-more[J
Ingress shared pool watermark per PG:
-------------------------------------------------------------------
Port        PG0  PG1  PG2  PG3  PG4  PG5  PG6  PG7  
-------------------------------------------------------------------
Eth1/1      0    0    0    0    0    0    0    0    
Eth1/2      0    0    0    0    0    0    0    0    
Eth1/3      0    0    0    0    0    0    0    0    
Eth1/4      0    0    0    0    0    0    0    0    
Eth1/5      0    0    0    0    0    0    0    0    
Eth1/6      0    0    0    0    0    0    0    0    
Eth1/7      0    0    0    0    0    0    0    0    
Eth1/8      0    0    0    0    0    0    0    0    
Eth1/9      0    0    0    0    0    0    0    0    
Eth1/10     0    0    0    0    0    0    0    0    
Eth1/11     0    0    0    0    0    0    0    0    
Eth1/12     0    0    0    0    0    0    0    0    
Eth1/13     0    0    0    0    0    0    0    0    
Eth1/14     0    0    0    0    0    0    0    0    
Eth1/15     0    0    0    0    0    0    0    0    
Eth1/16     0    0    0    0    0    0    0    0    
Eth1/17     0    0    0    0    0    0    0    0    
Eth1/18     0    0    0    0    0    0    0    0    
Eth1/19     0    0    0    0    0    0    0    0    
Eth1/20     0    0    0    0    0    0    0    0    
Eth1/21     0    0    0    0    0    0    0    0    
Eth1/22     0    0    0    0    0    0    0    0    
Eth1/23     0    0    0    0    0    0    0    0    
Eth1/24     0    0    0    0    0    0    0    0    
Eth1/25     0    0    0    0    0    0    0    0    
Eth1/26     0    0    0    0    0    0    0    0    
Eth1/27     0    0    0    0    0    0    0    0    
Eth1/28     0    0    0    0    0    0    0    0    
Eth1/29     0    0    0    0    0    0    0    0    
Eth1/30     0    0    0    0    0    0    0    0    
Eth1/31     0    0    0    0    0    0    0    0    
Eth1/32     0    0    0    0    0    0    0    0    
Eth1/33     0    0    0    0    0    0    0    0    
Eth1/34     0    0    0    0    0    0    0    0    
Eth1/35     0    0    0    0    0    0    0    0    
Eth1/36     0    0    0    0    0    0    0    0    
Eth1/37     0    0    0    0    0    0    0    0    
Eth1/38     0    0    0    0    0    0    0    0    
Eth1/39     0    0    0    0    0    0    0    0    
Eth1/40     0    0    0    0    0    0    0    0    
Eth1/41     0    0    0    0    0    0    0    0    
Eth1/42     0    0    0    0    0    0    0    0    
Eth1/43     0    0    0    0    0    0    0    0    
Eth1/44     0    0    0    0    0    0    0    0    
Eth1/45     0    0    0    0    0    0    0    0    
Eth1/46     0    0    0    0    0    0    0    0    
Eth1/47     0    0    0    0    0    0    0    0    
Eth1/48     0    0    0    0    0    0    0    0    
Eth1/49     0    0    0    0    0    0    0    0    
Eth1/50     0    0    0    0    0    0    0    0    
Eth1/51     0    0    0    0    0    0    0    0    
Eth1/52     0    0    0    0    0    0    0    0    
Eth1/53     0    0    0    0    0    0    0    0    
Eth1/54     0    0    0    0    0    0    0    0    
Eth1/55     0    0    0    0    0    0    0    0    
Eth1/56     0    0    0    0    0    0    0    0    
