sk       RefCnt Type Proto  Iface R Rmem   User   Inode
000000000bfe4ce2 3      3    0003   0     1 214164 0      92260 
00000000ba29aec5 3      3    8809   437   1 0      0      155789
00000000264ea047 3      3    8809   469   1 0      0      153477
00000000ee17958e 3      3    8809   495   1 0      0      155858
00000000918cd577 3      3    8809   522   1 0      0      157912
000000007179ecfb 3      3    8809   533   1 0      0      157985
000000003fb6c36a 3      3    8809   542   1 0      0      157565
0000000059c9b6b9 3      3    8809   545   1 0      0      159756
000000005ff71c1c 3      3    8809   546   1 0      0      158203
00000000456aa229 3      3    8809   558   1 0      0      156476
00000000f61ad1b1 3      3    8809   571   1 0      0      160380
0000000062d7f222 3      3    8809   598   1 0      0      160548
0000000016499e38 3      3    8809   612   1 0      0      161861
00000000d172700e 3      3    0003   2     1 0      0      161988
000000000e9eca58 3      3    8809   652   1 0      0      162038
00000000b7640b0f 3      3    8809   653   1 0      0      161324
00000000df7aa8c1 3      3    8809   654   1 0      0      158695
00000000f7f216fa 3      3    8809   655   1 0      0      163364
0000000006bec131 3      3    8809   656   1 0      0      161410
0000000052573d73 3      3    8809   657   1 0      0      161562
0000000068eac353 3      3    8809   658   1 0      0      161573
000000004fd0d0a9 3      3    8809   659   1 0      0      166050
000000008135ab7d 3      3    8809   660   1 0      0      166172
00000000e837104a 3      3    8809   661   1 0      0      161714
0000000035eaaeed 3      3    8809   662   1 0      0      166340
00000000cee34d2e 3      3    8809   663   1 0      0      167032
0000000031fd3d4f 3      3    8809   666   1 0      0      166774
00000000b391b454 3      3    8809   667   1 0      0      168403
000000009ea8738c 3      3    8809   665   1 0      0      169081
000000009d5e8896 3      3    8809   668   1 0      0      169989
00000000e4e6c0c7 3      3    8809   669   1 0      0      167610
000000009ee0fea8 3      3    8809   670   1 0      0      167621
000000005e2429bc 3      3    8809   671   1 0      0      167642
000000002e569e79 3      3    8809   672   1 0      0      167682
000000001feca605 3      3    8809   673   1 0      0      167714
00000000573cb16f 3      3    8809   674   1 0      0      170476
00000000cd60b008 3      3    8809   675   1 0      0      167767
000000007350152a 3      3    8809   676   1 0      0      169586
000000005c208854 3      3    8809   677   1 0      0      170564
00000000ba01db37 3      3    8809   678   1 0      0      170618
0000000050530f70 3      3    8809   679   1 0      0      172075
00000000a2de87ba 3      3    8809   680   1 0      0      172171
00000000d401672a 3      3    8809   681   1 0      0      169852
00000000608c4b12 3      3    8809   682   1 0      0      173277
000000005c6143a8 3      3    8809   683   1 0      0      169962
00000000c197190f 3      3    8809   684   1 0      0      175185
00000000c1dbbda9 3      3    8809   685   1 0      0      175224
00000000eb73f0a8 3      3    8809   686   1 0      0      172812
00000000357df5f0 3      3    8809   687   1 0      0      176139
000000001dfa5fab 3      3    8809   688   1 0      0      176152
000000004a801212 3      3    8809   689   1 0      0      175318
00000000f95cf5cf 3      3    8809   690   1 0      0      174501
0000000017ebd57e 3      3    ff00   0     1 0      0      188051
000000001ed903b5 3      3    0003   0     1 213078 0      190892
000000002e5ae224 3      3    0003   685   1 0      0      189398
00000000c7c96566 3      3    0003   624   1 0      0      189407
0000000011f30e19 3      3    0003   422   1 0      0      189412
00000000b3cbc21c 3      3    0003   668   1 0      0      189417
0000000023973c1e 3      3    0003   598   1 0      0      189422
00000000f7fd8ac7 3      3    0003   684   1 0      0      189433
000000002b62d058 3      3    0003   533   1 0      0      193537
00000000cd6a08f6 3      3    0003   688   1 0      0      193546
0000000012d32e21 3      3    0003   691   1 0      0      193556
000000004f375042 3      3    0003   522   1 0      0      193580
0000000012c58baa 3      3    0003   665   1 0      0      193588
00000000735e227b 3      3    0003   660   1 0      0      193596
00000000917b370e 3      3    0003   678   1 0      0      193605
00000000a9a0ae6e 3      3    0003   682   1 0      0      193610
00000000827c5acf 3      3    0003   654   1 0      0      193615
00000000ac0397da 3      3    0003   671   1 0      0      193620
0000000068840c04 3      3    0003   679   1 0      0      193625
000000001bea9017 3      3    0003   686   1 0      0      193630
0000000055d0a839 3      3    0003   683   1 0      0      193635
000000009c5c3225 3      3    0003   690   1 0      0      193640
000000001d30797e 3      3    0003   689   1 0      0      193645
00000000863fe300 3      3    0003   661   1 0      0      193650
0000000006514d45 3      3    0003   637   1 0      0      193655
000000006c2c348a 3      3    0003   658   1 0      0      193660
000000002a5c7722 3      3    0003   680   1 0      0      193665
000000005653c732 3      3    0003   522   1 0      0      191246
0000000076eb9919 3      3    0003   662   1 0      0      193680
000000009efd9b5e 3      3    0003   533   1 0      0      191251
0000000005bc19a4 3      3    0003   571   1 0      0      193686
00000000b1300d39 3      3    0003   542   1 0      0      191252
00000000dcb04e6d 3      3    0003   681   1 0      0      193694
00000000db4c7f01 3      3    0003   545   1 0      0      191253
00000000af85bbec 3      3    0003   612   1 0      0      193699
00000000b2271b3d 3      3    0003   546   1 0      0      191254
000000006f5f4162 3      3    0003   659   1 0      0      193704
00000000b339a053 3      3    0003   558   1 0      0      191255
0000000060e76d11 3      3    0003   666   1 0      0      193709
00000000befc7365 3      3    0003   571   1 0      0      191257
000000003dc738fd 3      3    0003   545   1 0      0      193716
000000001b927fe6 3      3    0003   672   1 0      0      193722
0000000095c094e0 3      3    0003   652   1 0      0      193727
0000000015d13ad4 3      3    0003   598   1 0      0      191261
00000000da0cb642 3      3    0003   664   1 0      0      193732
00000000f3fe0452 3      3    0003   657   1 0      0      193758
00000000cbf8845a 3      3    0003   542   1 0      0      193763
00000000d3699e73 3      3    0003   612   1 0      0      191262
0000000095d040b5 3      3    0003   495   1 0      0      193768
00000000fd033052 3      3    0003   687   1 0      0      193774
0000000006f5ff68 3      3    0003   663   1 0      0      193781
00000000c2bd6ccc 3      3    0003   624   1 0      0      191264
0000000081c212bd 3      3    0003   670   1 0      0      193789
00000000837d233d 3      3    0003   637   1 0      0      191265
00000000cc14a686 3      3    0003   469   1 0      0      193794
0000000031d6632f 3      3    0003   677   1 0      0      193800
00000000e8733799 3      3    0003   652   1 0      0      191288
000000003c3c40d3 3      3    0003   558   1 0      0      193806
00000000c23afe23 3      3    0003   653   1 0      0      191289
00000000ce874ace 3      3    0003   546   1 0      0      193811
000000006d008166 3      3    0003   654   1 0      0      191290
000000007641c29a 3      3    0003   656   1 0      0      193836
00000000ec71c91e 3      3    0003   655   1 0      0      191295
0000000086e75c4a 3      3    0003   656   1 0      0      191297
000000000dd6e8dc 3      3    0003   653   1 0      0      193846
0000000062949847 3      3    0003   657   1 0      0      191299
00000000214cee54 3      3    0003   674   1 0      0      193851
0000000059d4dee0 3      3    0003   658   1 0      0      191300
000000000081b0a3 3      3    0003   669   1 0      0      193856
00000000374ccadf 3      3    0003   659   1 0      0      191301
00000000f90508f0 3      3    0003   667   1 0      0      193861
00000000999e7809 3      3    0003   660   1 0      0      191302
000000008901961e 3      3    0003   673   1 0      0      193868
00000000e4af4f12 3      3    0003   661   1 0      0      191303
00000000e06b8169 3      3    0003   662   1 0      0      191304
000000000e606514 3      3    0003   676   1 0      0      193873
000000000d9f9ba1 3      3    0003   663   1 0      0      191305
0000000011ce3ed4 3      3    0003   437   1 0      0      193878
000000007b8ca339 3      3    0003   664   1 0      0      191311
00000000db5103f9 3      3    0003   675   1 0      0      193883
000000000eac1923 3      3    0003   408   1 0      0      191316
00000000cabe1316 3      3    0003   655   1 0      0      191320
000000001acaa7ec 3      3    0003   665   1 0      0      191322
0000000070ba6cf5 3      3    0003   408   1 0      0      191327
00000000e0c6709f 3      3    0003   666   1 0      0      191329
000000009563cf33 3      3    0003   667   1 0      0      192462
00000000e26998c1 3      3    0003   668   1 0      0      192494
00000000bc60fce8 3      3    0003   669   1 0      0      192498
00000000cc89e2b4 3      3    0003   670   1 0      0      192501
0000000098e4fba7 3      3    0003   671   1 0      0      192504
000000008b46f9e7 3      3    0003   672   1 0      0      192507
00000000e89e30dc 3      3    0003   673   1 0      0      192508
0000000072da8713 3      3    0003   674   1 0      0      192511
00000000bedb585d 3      3    0003   675   1 0      0      194561
000000005c5393fa 3      3    0003   676   1 0      0      194587
00000000959d2851 3      3    0003   677   1 0      0      194589
000000004a84bde9 3      3    0003   678   1 0      0      194592
00000000f47aca09 3      3    0003   422   1 0      0      194593
000000008ef811cb 3      3    0003   679   1 0      0      194594
000000000aabc011 3      3    0003   680   1 0      0      194596
000000009671d672 3      3    0003   681   1 0      0      194597
00000000bc6e35eb 3      3    0003   682   1 0      0      194598
00000000bcec31ec 3      3    0003   683   1 0      0      194599
00000000aa760887 3      3    0003   684   1 0      0      194606
00000000b3b38c47 3      3    0003   685   1 0      0      194610
000000004c79943c 3      3    0003   686   1 0      0      194611
00000000b0bb89cd 3      3    0003   687   1 0      0      194613
00000000782e1ac7 3      3    0003   688   1 0      0      194614
0000000083ca26e0 3      3    0003   689   1 0      0      194635
00000000678da958 3      3    0003   690   1 0      0      194636
000000002a565e6c 3      3    0003   691   1 0      0      194637
00000000edb0a62e 3      3    0003   437   1 0      0      194639
000000008512b74c 3      3    0003   469   1 0      0      194640
0000000072331b7a 3      3    0003   495   1 0      0      194642
00000000fe3a0548 3      2    0806   0     1 0      0      195089
000000009a90b82e 3      3    88cc   2     1 0      102    234657
00000000bbfe086f 3      3    88cc   522   1 0      102    234685
00000000e76a8e7e 3      3    88cc   533   1 0      102    234697
000000002a73167a 3      3    88cc   542   1 0      102    234705
000000003f9b763e 3      3    88cc   545   1 0      102    234717
00000000de3b5555 3      3    88cc   546   1 0      102    234729
0000000069e416a3 3      3    88cc   558   1 0      102    234737
0000000041d0c2d7 3      3    88cc   571   1 0      102    236530
00000000ac3698d6 3      3    88cc   598   1 0      102    237574
00000000ebc62abc 3      3    88cc   612   1 0      102    237594
00000000d9c599c1 3      3    88cc   624   1 0      102    237608
00000000bab4674d 3      3    88cc   637   1 0      102    237636
000000009b5c78f8 3      3    88cc   652   1 0      102    237652
00000000b84729c7 3      3    88cc   653   1 0      102    237657
00000000b5520024 3      3    88cc   654   1 0      102    237661
00000000ac8d01aa 3      3    88cc   655   1 0      102    237665
000000009f61b38c 3      3    88cc   656   1 0      102    237669
00000000d8a1e92f 3      3    88cc   657   1 0      102    237673
000000003d442872 3      3    88cc   658   1 0      102    237677
00000000fa612d17 3      3    88cc   659   1 0      102    237681
000000008d18fe7f 3      3    88cc   660   1 0      102    237685
00000000023e0127 3      3    88cc   661   1 0      102    237689
0000000063f1a407 3      3    88cc   662   1 0      102    237693
0000000047653521 3      3    88cc   663   1 0      102    237697
00000000bb5dff70 3      3    88cc   664   1 0      102    237701
000000000a6e2440 3      3    88cc   408   1 0      102    237705
00000000e029fa8f 3      3    88cc   665   1 0      102    237709
0000000007540145 3      3    88cc   666   1 0      102    237713
0000000098b07b9e 3      3    88cc   667   1 0      102    237717
00000000be3e8cb0 3      3    88cc   668   1 0      102    237721
000000004eed1960 3      3    88cc   669   1 0      102    237729
000000004828e662 3      3    88cc   670   1 0      102    237733
000000008d87f828 3      3    88cc   671   1 0      102    237742
000000008c956ec0 3      3    88cc   672   1 0      102    237760
00000000aca3251a 3      3    88cc   673   1 0      102    237774
0000000048afa53b 3      3    88cc   674   1 0      102    237787
0000000027003f77 3      3    88cc   675   1 0      102    237803
0000000028a86319 3      3    88cc   676   1 0      102    237814
000000009f219947 3      3    88cc   677   1 0      102    237831
00000000099e723e 3      3    88cc   678   1 0      102    237843
0000000026f2d503 3      3    88cc   422   1 0      102    237855
00000000693eaf2e 3      3    88cc   679   1 0      102    237864
000000005ab87c05 3      3    88cc   680   1 0      102    237877
00000000fe863e20 3      3    88cc   681   1 0      102    237883
0000000054a937dd 3      3    88cc   682   1 0      102    237890
00000000a5de3639 3      3    88cc   683   1 0      102    237900
00000000bb2bef29 3      3    88cc   684   1 0      102    237909
000000006950e5f8 3      3    88cc   685   1 0      102    237930
000000003593a9e4 3      3    88cc   686   1 0      102    237942
000000001628b968 3      3    88cc   687   1 0      102    237972
00000000c2f3a5cf 3      3    88cc   688   1 0      102    238000
0000000030d9548e 3      3    88cc   689   1 0      102    235051
0000000017a09acf 3      3    88cc   690   1 0      102    235061
000000005181eae7 3      3    88cc   691   1 0      102    235065
00000000fffc24e9 3      3    88cc   437   1 0      102    235070
00000000a1db7154 3      3    88cc   469   1 0      102    235074
00000000108fa096 3      3    88cc   495   1 0      102    235078
