--ts-sonic--# show interface counters | no-more
----------------------------------------------------------------------------------------------------------------------------------------------------------------------------------------------
Interface      State     RX_OK                 RX_ERR                RX_DRP                RX_OVERSIZE           TX_OK                 TX_ERR                TX_DRP                TX_OVERSIZE           
----------------------------------------------------------------------------------------------------------------------------------------------------------------------------------------------
Eth1/1         U         1923480391            0                     0                     0                     1145582435            0                     0                     0                     
Eth1/2         U         47784547258           0                     0                     0                     55576481720           0                     0                     0                     
Eth1/3         U         12349686508           0                     0                     0                     12429267388           0                     0                     0                     
Eth1/4         U         174208147420          0                     0                     0                     160375762628          0                     0                     0                     
Eth1/5         U         2469013822            0                     0                     0                     2896020040            0                     0                     0                     
Eth1/6         U         6721158163            0                     0                     0                     14272440875           0                     0                     0                     
Eth1/7         U         4716983539            0                     0                     0                     2993564493            0                     0                     0                     
Eth1/8         U         11059191027           0                     0                     0                     17211427269           0                     0                     0                     
Eth1/9         U         3564277936            0                     0                     0                     2251813247            0                     0                     0                     
Eth1/10        U         100728746992          0                     0                     0                     109165421740          0                     0                     0                     
Eth1/11        U         6855565449            0                     0                     0                     4203202367            0                     0                     0                     
Eth1/12        U         2741136132            0                     0                     0                     5122823841            0                     0                     0                     
Eth1/13        U         4366050881            0                     0                     0                     2611009224            0                     0                     0                     
Eth1/14        U         191730153439          0                     0                     0                     164503566167          0                     0                     0                     
Eth1/15        U         4066230696            0                     0                     0                     2399835616            0                     0                     0                     
Eth1/16        U         76910226856           0                     0                     0                     63604082123           0                     0                     0                     
Eth1/17        U         28765680              0                     0                     0                     1342597507            0                     0                     0                     
Eth1/18        D         0                     0                     0                     0                     0                     0                     0                     0                     
Eth1/19        U         16806552              0                     0                     0                     1858026809            0                     0                     0                     
Eth1/20        D         0                     0                     0                     0                     0                     0                     0                     0                     
Eth1/21        U         4638009072            0                     0                     0                     5194902793            0                     0                     0                     
Eth1/22        U         69383967664           0                     0                     0                     99924071701           0                     0                     0                     
Eth1/23        U         2784719333            0                     0                     0                     2797856128            0                     0                     0                     
Eth1/24        U         71576999651           0                     0                     0                     117282894618          0                     0                     0                     
Eth1/25        D         0                     0                     0                     0                     0                     0                     0                     0                     
Eth1/26        D         0                     0                     0                     0                     0                     0                     0                     0                     
Eth1/27        D         0                     0                     0                     0                     0                     0                     0                     0                     
Eth1/28        D         0                     0                     0                     0                     0                     0                     0                     0                     
Eth1/29        D         0                     0                     0                     0                     0                     0                     0                     0                     
Eth1/30        D         0                     0                     0                     0                     0                     0                     0                     0                     
Eth1/31        U         4123243783            0                     0                     0                     3551179117            0                     0                     0                     
Eth1/32        U         71419281698           0                     0                     0                     123573194121          0                     0                     0                     
Eth1/33        U         60749561867           0                     0                     0                     110487937562          0                     0                     0                     
Eth1/34        D         0                     0                     0                     0                     0                     0                     0                     0                     
Eth1/35        D         0                     0                     0                     0                     0                     0                     0                     0                     
Eth1/36        D         0                     0                     0                     0                     0                     0                     0                     0                     
Eth1/37        D         0                     0                     0                     0                     0                     0                     0                     0                     
Eth1/38        D         0                     0                     0                     0                     0                     0                     0                     0                     
Eth1/39        D         0                     0                     0                     0                     0                     0                     0                     0                     
Eth1/40        D         0                     0                     0                     0                     0                     0                     0                     0                     
Eth1/41        U         94924772925           0                     0                     0                     91132182394           0                     0                     0                     
Eth1/42        U         2962127               0                     0                     0                     16695342              0                     0                     0                     
Eth1/43        U         69855251581           0                     0                     0                     67193967450           0                     0                     0                     
Eth1/44        U         2962114               0                     0                     0                     16695342              0                     0                     0                     
Eth1/45        U         88098513724           0                     0                     0                     84143413442           0                     0                     0                     
Eth1/46        U         2962125               0                     0                     0                     16695341              0                     0                     0                     
Eth1/47        U         19529127067           0                     0                     0                     25738835832           0                     0                     0                     
Eth1/48        U         2962118               0                     0                     0                     16695340              0                     0                     0                     
Eth1/49        U         2061070929            0                     0                     0                     78528992038           0                     0                     0                     
Eth1/50        D         0                     0                     0                     0                     0                     0                     0                     0                     
Eth1/51        U         2014457754            0                     0                     0                     88139998914           0                     0                     0                     
Eth1/52        D         0                     0                     0                     0                     0                     0                     0                     0                     
Eth1/53        U         331239596837          0                     0                     0                     232449104777          0                     0                     0                     
Eth1/54        U         280118427290          0                     0                     0                     261761033381          0                     0                     0                     
Eth1/55        U         306958951676          0                     0                     0                     225206605447          0                     0                     0                     
Eth1/56        U         294266801362          0                     0                     0                     225544020319          0                     0                     0                     
PortChannel1   U         4093687706            0                     0                     0                     2130297679            0                     0                     0                     
PortChannel2   U         90559139122           0                     0                     0                     105210278763          0                     0                     0                     
PortChannel3   D         12349686508           0                     0                     0                     12429267387           0                     0                     0                     
PortChannel4   D         174208147418          0                     0                     0                     160375762627          0                     0                     0                     
PortChannel5   U         4990418877            0                     0                     0                     3732373612            0                     0                     0                     
PortChannel6   U         51831455212           0                     0                     0                     47695908271           0                     0                     0                     
PortChannel7   U         6868856823            212                   0                     0                     3938683234            0                     0                     0                     
PortChannel8   U         14900027982           0                     0                     0                     25373920968           0                     0                     0                     
PortChannel9   U         3564278067            0                     0                     0                     2251813256            0                     0                     0                     
PortChannel10  U         100728746992          0                     0                     0                     109165421740          0                     0                     0                     
PortChannel11  U         6855565449            0                     0                     0                     4203202367            0                     0                     0                     
PortChannel12  U         19005015316           417972152             0                     0                     36732772125           0                     0                     0                     
PortChannel13  U         4366050881            0                     0                     0                     2611009224            0                     0                     0                     
PortChannel14  U         191730153439          0                     0                     0                     164503566167          0                     0                     0                     
PortChannel15  U         4066232240            0                     0                     0                     2399835621            0                     0                     0                     
PortChannel16  U         76910226856           0                     0                     0                     63604082123           0                     0                     0                     
PortChannel17  U         28765681              0                     0                     0                     1342597531            0                     0                     0                     
PortChannel18  D         0                     0                     0                     0                     0                     0                     0                     0                     
PortChannel19  U         16806628              0                     0                     0                     1858026820            0                     0                     0                     
PortChannel20  D         0                     0                     0                     0                     0                     0                     0                     0                     
PortChannel21  U         4638009072            0                     0                     0                     5194902793            0                     0                     0                     
PortChannel22  U         69383967664           0                     0                     0                     99924071701           0                     0                     0                     
PortChannel23  U         2784719562            0                     0                     0                     2797856275            0                     0                     0                     
PortChannel24  U         71576999651           0                     0                     0                     117282894618          0                     0                     0                     
PortChannel25  D         0                     0                     0                     0                     0                     0                     0                     0                     
PortChannel26  D         0                     0                     0                     0                     0                     0                     0                     0                     
PortChannel27  D         0                     0                     0                     0                     0                     0                     0                     0                     
PortChannel28  D         0                     0                     0                     0                     0                     0                     0                     0                     
PortChannel29  D         0                     0                     0                     0                     0                     0                     0                     0                     
PortChannel30  D         0                     0                     0                     0                     0                     0                     0                     0                     
PortChannel31  U         4123243783            0                     0                     0                     3551179117            0                     0                     0                     
PortChannel32  U         71419265865           0                     0                     0                     123573172533          0                     0                     0                     
PortChannel33  U         60749561776           0                     0                     0                     110487937473          0                     0                     0                     
PortChannel34  D         0                     0                     0                     0                     0                     0                     0                     0                     
PortChannel35  D         0                     0                     0                     0                     0                     0                     0                     0                     
PortChannel36  D         0                     0                     0                     0                     0                     0                     0                     0                     
PortChannel37  D         0                     0                     0                     0                     0                     0                     0                     0                     
PortChannel38  D         0                     0                     0                     0                     0                     0                     0                     0                     
PortChannel39  D         0                     0                     0                     0                     0                     0                     0                     0                     
PortChannel40  D         0                     0                     0                     0                     0                     0                     0                     0                     
PortChannel41  U         94924768435           0                     0                     0                     91132178485           0                     0                     0                     
PortChannel42  D         2962127               0                     0                     0                     16695341              0                     0                     0                     
PortChannel43  U         69855251581           0                     0                     0                     67193967450           0                     0                     0                     
PortChannel44  D         2962114               0                     0                     0                     16695342              0                     0                     0                     
PortChannel45  U         88098513724           0                     0                     0                     84143413442           0                     0                     0                     
PortChannel46  D         2962125               0                     0                     0                     16695342              0                     0                     0                     
PortChannel47  U         19529128037           0                     0                     0                     25738837261           0                     0                     0                     
PortChannel48  D         2962118               0                     0                     0                     16695340              0                     0                     0                     
PortChannel100 U         4075528683            0                     0                     0                     166668990952          0                     0                     0                     
