 179       0 mmcblk0 206 0 11822 368 0 0 0 0 0 284 368 0 0 0 0 0 0
 179       1 mmcblk0p1 64 0 4208 164 0 0 0 0 0 140 164 0 0 0 0 0 0
 179       2 mmcblk0p2 90 0 5358 171 0 0 0 0 0 204 171 0 0 0 0 0 0
 179     512 mmcblk0boot1 68 0 1344 270 0 0 0 0 0 264 270 0 0 0 0 0 0
 179     256 mmcblk0boot0 68 0 1344 229 0 0 0 0 0 236 229 0 0 0 0 0 0
   8       0 sda 497453 3548 9053179 1524668 112164596 48547956 10418551456 232568265 0 76939960 244707128 419384 0 405767240 280553 21103376 10333641
   8       1 sda1 64 0 4208 30 0 0 0 0 0 36 30 0 0 0 0 0 0
   8       2 sda2 279 55 6806 118 14 10 48 5 0 224 193 46 0 203928 68 0 0
   8       3 sda3 119620 3493 8732634 66177 109450195 48547946 10418497568 232018201 0 74514916 232364863 419338 0 405563312 280484 0 0
   7       0 loop0 5879162 0 33382204 434488 0 0 0 0 0 8040864 434488 0 0 0 0 0 0
   7       1 loop1 71920 0 2637882 126337 362926249 0 9360915656 168913502 0 69289408 203422187 300893 0 71850376 18160 6794687 34364186
   7       2 loop2 373 0 5010 174 525 0 3200 136 0 720 413 57 0 12737240 2 192 100
   7       3 loop3 0 0 0 0 0 0 0 0 0 0 0 0 0 0 0 0 0
   7       4 loop4 0 0 0 0 0 0 0 0 0 0 0 0 0 0 0 0 0
   7       5 loop5 0 0 0 0 0 0 0 0 0 0 0 0 0 0 0 0 0
   7       6 loop6 0 0 0 0 0 0 0 0 0 0 0 0 0 0 0 0 0
   7       7 loop7 0 0 0 0 0 0 0 0 0 0 0 0 0 0 0 0 0
 254       0 ramdisk 190 0 4236 239 8976328 5290511 405655918 21168909 0 34181520 21169149 0 0 0 0 0 0
