                    CPU0       CPU1       CPU2       CPU3       
          HI:          0          0          0          0
       TIMER:  982843400  996806101 1010135844 1139628417
      NET_TX:  710741653  770343387 2165505731  714486262
      NET_RX: 1172088942  609132899 2352030095 2863832589
       BLOCK:   68904291   83794579   66648399   77869507
    IRQ_POLL:          0          0          0          0
     TASKLET:  134113060  141980392  144504763  137398178
       SCHED: 1824894232 1877909847 1843002696 1857034067
     HRTIMER:          0          0          0          0
         RCU:   30627923 3447241709 3278265980 3373687924
