cpu  1870718053 404974 598725930 3676131643 2240325 0 178982404 0 0 0
cpu0 455626874 113509 172222232 942407958 542340 0 6143962 0 0 0
cpu1 496643181 111228 149874346 922727049 621631 0 9309314 0 0 0
cpu2 422575634 55946 125206845 897522673 492626 0 148694631 0 0 0
cpu3 495872363 124289 151422506 913473960 583727 0 14834496 0 0 0
intr 24887183217 11 0 0 0 0 0 0 11738 1 0 0 0 0 0 0 0 778934996 0 0 0 0 0 0 0 0 0 0 0 0 0 0 0 0 0 0 0 1 2420260820 563965416 50524782 815702373 1150849 0 0 0 0 130175617 0 0 0 0 0 0 0 0 0 0 0 0 0 0 0 0 0 0 0 0 0 0 179800 32381560 0 1247821598 1247818255 822885731 311953879 0 155966371 1247815507 1432683153 0 0 0 0 0 0 0 0 0 0 0 0 0 0 0 0 0 0 0 0 0 0 0 0 0 0 0 0 0 0 0 0 0 0 0 0 0 0 0 0 0 0 0 0 0 0 0 0 0 0 0 0 0 0 0 0 0 0 0 0 0 0 0 0 0 0 0 0 0 0 0 0 0 0 0 0 0 0 0 0 0 0 0 0 0 0 0 0 0 0 0 0 0 0 0 0 0 0 0 0 0 0 0 0 0 0 0 0 0 0 0 0 0 0 0 0 0 0 0 0 0 0 0 0 0 0 0 0 0 0 0 0 0 0 0 0 0 0 0 0 0 0 0 0 0 0 0 0 0 0 0 0 0 0 0 0 0 0 0 0 0 0 0 0 0 0 0 0 0 0 0 0 0 0 0 0 0 0 0 0 0 0 0 0 0 0 0 0 0 0 0 0 0 0 0 0 0 0 0 0 0 0 0 0 0 0 0 0 0 0 0 0 0 0 0 0 0 0 0 0 0 0 0 0 0 0 0 0 0 0 0 0 0 0 0 0 0 0 0 0 0 0 0 0 0 0 0 0 0 0 0 0 0 0 0 0 0 0 0 0 0 0 0 0 0 0 0 0 0 0 0 0 0 0 0 0 0 0 0 0 0 0 0 0 0 0 0 0 0 0 0 0 0 0 0 0 0 0 0 0 0 0 0 0 0 0 0 0 0 0 0 0 0 0 0 0 0 0 0 0 0 0 0 0 0 0 0 0 0 0 0 0 0 0 0 0 0 0 0 0 0 0 0 0 0 0 0 0 0 0 0 0 0 0 0 0 0 0 0 0 0 0 0 0 0 0 0 0 0 0 0 0 0 0 0 0
ctxt 258610433252
btime 1756452083
processes 589943846
procs_running 1
procs_blocked 0
softirq 33875452875 0 4129413763 66109737 2702117230 297216776 0 557996393 3107873550 0 1539888946
