 179       0 mmcblk0 206 0 11822 362 0 0 0 0 0 228 362 0 0 0 0 0 0
 179       1 mmcblk0p1 64 0 4208 137 0 0 0 0 0 124 137 0 0 0 0 0 0
 179       2 mmcblk0p2 90 0 5358 190 0 0 0 0 0 204 190 0 0 0 0 0 0
 179     512 mmcblk0boot1 68 0 1344 103 0 0 0 0 0 108 103 0 0 0 0 0 0
 179     256 mmcblk0boot0 68 0 1344 142 0 0 0 0 0 152 142 0 0 0 0 0 0
   8       0 sda 55647 2899 2701609 82264 992293 558294 25699420 392422 0 1062560 610164 4398 0 58636862 4662 436945 130815
   8       1 sda1 64 0 4208 23 0 0 0 0 0 40 23 0 0 0 0 0 0
   8       2 sda2 193 96 6720 81 10 4 28 5 0 152 150 51 0 200294 63 0 0
   8       3 sda3 38991 2803 2673202 11696 911519 558290 25697072 375474 0 967556 391770 4347 0 58436568 4599 0 0
   7       0 loop0 502811 0 3192892 18060 0 0 0 0 0 621016 18060 0 0 0 0 0 0
   7       1 loop1 13543 0 566002 41609 607551 0 12510048 228890 0 613464 407717 2768 0 11215872 139 156488 137077
   7       2 loop2 326 0 4634 98 452 0 3024 107 0 480 278 58 0 12733192 1 137 70
   7       3 loop3 0 0 0 0 0 0 0 0 0 0 0 0 0 0 0 0 0
   7       4 loop4 0 0 0 0 0 0 0 0 0 0 0 0 0 0 0 0 0
   7       5 loop5 0 0 0 0 0 0 0 0 0 0 0 0 0 0 0 0 0
   7       6 loop6 0 0 0 0 0 0 0 0 0 0 0 0 0 0 0 0 0
   7       7 loop7 0 0 0 0 0 0 0 0 0 0 0 0 0 0 0 0 0
 254       0 ramdisk 182 0 4220 231 109898 63258 652908 35468 0 230420 35699 0 0 0 0 0 0
