                    CPU0       CPU1       CPU2       CPU3       
          HI:          0          0          0          0
       TIMER:   42618888   42626100   57882488   62093801
      NET_TX:    2381535    7319022    3620169   51768061
      NET_RX:   16076364   21695650   22824425  105928668
       BLOCK:     486610     641246     604592     648244
    IRQ_POLL:          0          0          0          0
     TASKLET:    5056080    6161747    5866654    4207112
       SCHED:   64134554   71153517   74822891   77674085
     HRTIMER:          0          0          0          0
         RCU:  124324911   99323658  102466956  116688092
