cpu  27311178 108564 11853891 231820989 36225 0 583526 0 0 0
cpu0 6947931 29153 3706960 57445514 8464 0 48504 0 0 0
cpu1 6744140 24648 2751388 58083203 9241 0 40347 0 0 0
cpu2 6813050 30704 2812318 58007886 9163 0 95140 0 0 0
cpu3 6806056 24059 2583224 58284384 9356 0 399534 0 0 0
intr 2860282312 11 0 0 0 0 0 0 0 0 0 783 0 0 0 0 0 102153184 0 0 0 0 0 0 0 0 0 0 0 0 0 0 0 0 15424 1 1275380 1607807 3157215 837608 0 0 0 0 1414394 0 0 0 0 0 0 0 0 0 0 0 0 1920 4000024 0 43924686 7344721 21962270 8606977 0 3 3 33673591 0 0 0 0 0 0 0 0 0 0 0 0 0 0 0 0 0 0 0 0 0 0 0 0 0 0 0 0 0 0 0 0 0 0 0 0 0 0 0 0 0 0 0 0 0 0 0 0 0 0 0 0 0 0 0 0 0 0 0 0 0 0 0 0 0 0 0 0 0 0 0 0 0 0 0 0 0 0 0 0 0 0 0 0 0 0 0 0 0 0 0 0 0 0 0 0 0 0 0 0 0 0 0 0 0 0 0 0 0 0 0 0 0 0 0 0 0 0 0 0 0 0 0 0 0 0 0 0 0 0 0 0 0 0 0 0 0 0 0 0 0 0 0 0 0 0 0 0 0 0 0 0 0 0 0 0 0 0 0 0 0 0 0 0 0 0 0 0 0 0 0 0 0 0 0 0 0 0 0 0 0 0 0 0 0 0 0 0 0 0 0 0 0 0 0 0 0 0 0 0 0 0 0 0 0 0 0 0 0 0 0 0 0 0 0 0 0 0 0 0 0 0 0 0 0 0 0 0 0 0 0 0 0 0 0 0 0 0 0 0 0 0 0 0 0 0 0 0 0 0 0 0 0 0 0 0 0 0 0 0 0 0 0 0 0 0 0 0 0 0 0 0 0 0 0 0 0 0 0 0 0 0 0 0 0 0 0 0 0 0 0 0 0 0 0 0 0 0 0 0 0 0 0 0 0 0 0 0 0 0 0 0 0 0 0 0 0 0 0 0 0 0 0 0 0 0 0 0 0 0 0 0 0 0 0 0 0 0 0 0 0 0 0 0 0 0 0 0 0 0 0 0 0 0 0 0 0 0 0 0 0 0 0 0 0 0 0 0 0 0 0 0 0 0 0 0 0 0 0 0 0 0 0 0 0 0 0 0 0
ctxt 7505993170
btime 1772945933
processes 14918308
procs_running 2
procs_blocked 0
softirq 1191096125 0 205221279 65088787 166525107 2380692 0 21291593 287785049 0 442803618
