--ts-sonic--# show interface counters | no-more
----------------------------------------------------------------------------------------------------------------------------------------------------------------------------------------------
Interface      State     RX_OK                 RX_ERR                RX_DRP                RX_OVERSIZE           TX_OK                 TX_ERR                TX_DRP                TX_OVERSIZE           
----------------------------------------------------------------------------------------------------------------------------------------------------------------------------------------------
Eth1/1         U         3420171994            0                     0                     0                     2498088401            0                     0                     0                     
Eth1/2         U         60490374504           0                     0                     0                     65268651394           0                     0                     0                     
Eth1/3         U         12975896749           0                     0                     0                     13803975518           0                     0                     0                     
Eth1/4         U         175452830335          0                     0                     0                     162959364912          0                     0                     0                     
Eth1/5         U         7827252763            0                     0                     0                     7150594605            0                     0                     0                     
Eth1/6         U         16724162952           0                     0                     0                     39013597432           0                     0                     0                     
Eth1/7         U         6845814659            0                     0                     0                     4840757224            0                     0                     0                     
Eth1/8         U         18193268115           0                     0                     0                     25557833014           0                     0                     0                     
Eth1/9         U         4381541763            0                     0                     0                     3402502115            0                     0                     0                     
Eth1/10        U         111733498962          0                     0                     0                     119394392178          0                     0                     0                     
Eth1/11        U         7737041839            0                     0                     0                     4895891960            0                     0                     0                     
Eth1/12        U         4274681488            0                     0                     0                     8095638376            0                     0                     0                     
Eth1/13        U         6482353580            0                     0                     0                     4002556268            0                     0                     0                     
Eth1/14        U         205781951758          0                     0                     0                     175426771816          0                     0                     0                     
Eth1/15        U         5401478585            0                     0                     0                     3383998419            0                     0                     0                     
Eth1/16        U         86082069715           0                     0                     0                     72078662762           0                     0                     0                     
Eth1/17        U         62216394              0                     0                     0                     1755007396            0                     0                     0                     
Eth1/18        D         0                     0                     0                     0                     0                     0                     0                     0                     
Eth1/19        U         35839861              0                     0                     0                     2246045276            0                     0                     0                     
Eth1/20        D         0                     0                     0                     0                     0                     0                     0                     0                     
Eth1/21        U         7010484458            0                     0                     0                     8908109878            0                     0                     0                     
Eth1/22        U         95996959960           0                     0                     0                     133777526254          0                     0                     0                     
Eth1/23        U         3040321770            0                     0                     0                     3005365861            0                     0                     0                     
Eth1/24        U         91749776164           0                     0                     0                     149349386308          0                     0                     0                     
Eth1/25        D         0                     0                     0                     0                     0                     0                     0                     0                     
Eth1/26        D         0                     0                     0                     0                     0                     0                     0                     0                     
Eth1/27        D         0                     0                     0                     0                     0                     0                     0                     0                     
Eth1/28        D         0                     0                     0                     0                     0                     0                     0                     0                     
Eth1/29        D         0                     0                     0                     0                     0                     0                     0                     0                     
Eth1/30        D         0                     0                     0                     0                     0                     0                     0                     0                     
Eth1/31        U         5523647653            0                     0                     0                     5020985128            0                     0                     0                     
Eth1/32        U         100810122087          0                     0                     0                     161695058563          0                     0                     0                     
Eth1/33        U         61007859616           0                     0                     0                     110718727964          0                     0                     0                     
Eth1/34        D         0                     0                     0                     0                     0                     0                     0                     0                     
Eth1/35        D         0                     0                     0                     0                     0                     0                     0                     0                     
Eth1/36        D         0                     0                     0                     0                     0                     0                     0                     0                     
Eth1/37        D         0                     0                     0                     0                     0                     0                     0                     0                     
Eth1/38        D         0                     0                     0                     0                     0                     0                     0                     0                     
Eth1/39        D         0                     0                     0                     0                     0                     0                     0                     0                     
Eth1/40        D         0                     0                     0                     0                     0                     0                     0                     0                     
Eth1/41        U         106497228391          0                     0                     0                     101878282656          0                     0                     0                     
Eth1/42        U         3314118               0                     0                     0                     18679304              0                     0                     0                     
Eth1/43        U         81170413723           0                     0                     0                     78331041556           0                     0                     0                     
Eth1/44        U         3314102               0                     0                     0                     18679304              0                     0                     0                     
Eth1/45        U         99846837908           0                     0                     0                     95981132545           0                     0                     0                     
Eth1/46        U         3314114               0                     0                     0                     18679304              0                     0                     0                     
Eth1/47        U         23378492920           0                     0                     0                     30668819896           0                     0                     0                     
Eth1/48        U         3314108               0                     0                     0                     18679304              0                     0                     0                     
Eth1/49        U         2337074603            0                     0                     0                     105720617381          0                     0                     0                     
Eth1/50        D         0                     0                     0                     0                     0                     0                     0                     0                     
Eth1/51        U         2287023847            0                     0                     0                     107989967981          0                     0                     0                     
Eth1/52        D         0                     0                     0                     0                     0                     0                     0                     0                     
Eth1/53        U         382837509562          0                     0                     0                     263753597548          0                     0                     0                     
Eth1/54        U         334543706689          0                     0                     0                     292057399067          0                     0                     0                     
Eth1/55        U         364353622313          0                     0                     0                     261339155632          0                     0                     0                     
Eth1/56        U         351079338254          0                     0                     0                     268046889923          0                     0                     0                     
PortChannel1   U         5590379309            0                     0                     0                     3482803645            0                     0                     0                     
PortChannel2   U         103264966368          0                     0                     0                     114902448437          0                     0                     0                     
PortChannel3   U         12975896749           0                     0                     0                     13803975518           0                     0                     0                     
PortChannel4   U         175452830335          0                     0                     0                     162959364912          0                     0                     0                     
PortChannel5   D         10348657818           0                     0                     0                     7986948177            0                     0                     0                     
PortChannel6   D         61834468227           0                     0                     0                     72437075138           0                     0                     0                     
PortChannel7   U         8997687943            212                   0                     0                     5785875965            0                     0                     0                     
PortChannel8   U         22034105070           0                     0                     0                     33720326713           0                     0                     0                     
PortChannel9   U         4381541763            0                     0                     0                     3402502115            0                     0                     0                     
PortChannel10  U         111733498962          0                     0                     0                     119394392178          0                     0                     0                     
PortChannel11  U         7737041839            0                     0                     0                     4895891960            0                     0                     0                     
PortChannel12  U         20538560672           417972152             0                     0                     39705586660           0                     0                     0                     
PortChannel13  U         6482353580            0                     0                     0                     4002556268            0                     0                     0                     
PortChannel14  U         205781951758          0                     0                     0                     175426771816          0                     0                     0                     
PortChannel15  U         5401478585            0                     0                     0                     3383998419            0                     0                     0                     
PortChannel16  U         86082069715           0                     0                     0                     72078662762           0                     0                     0                     
PortChannel17  U         62216394              0                     0                     0                     1755007396            0                     0                     0                     
PortChannel18  D         0                     0                     0                     0                     0                     0                     0                     0                     
PortChannel19  U         35839861              0                     0                     0                     2246045276            0                     0                     0                     
PortChannel20  D         0                     0                     0                     0                     0                     0                     0                     0                     
PortChannel21  U         7010484458            0                     0                     0                     8908109878            0                     0                     0                     
PortChannel22  U         95996959960           0                     0                     0                     133777526254          0                     0                     0                     
PortChannel23  U         3040321770            0                     0                     0                     3005365861            0                     0                     0                     
PortChannel24  U         91749776164           0                     0                     0                     149349386308          0                     0                     0                     
PortChannel25  D         0                     0                     0                     0                     0                     0                     0                     0                     
PortChannel26  D         0                     0                     0                     0                     0                     0                     0                     0                     
PortChannel27  D         0                     0                     0                     0                     0                     0                     0                     0                     
PortChannel28  D         0                     0                     0                     0                     0                     0                     0                     0                     
PortChannel29  D         0                     0                     0                     0                     0                     0                     0                     0                     
PortChannel30  D         0                     0                     0                     0                     0                     0                     0                     0                     
PortChannel31  U         5523647653            0                     0                     0                     5020985128            0                     0                     0                     
PortChannel32  U         100810122087          0                     0                     0                     161695058563          0                     0                     0                     
PortChannel33  U         61007859616           0                     0                     0                     110718727964          0                     0                     0                     
PortChannel34  D         0                     0                     0                     0                     0                     0                     0                     0                     
PortChannel35  D         0                     0                     0                     0                     0                     0                     0                     0                     
PortChannel36  D         0                     0                     0                     0                     0                     0                     0                     0                     
PortChannel37  D         0                     0                     0                     0                     0                     0                     0                     0                     
PortChannel38  D         0                     0                     0                     0                     0                     0                     0                     0                     
PortChannel39  D         0                     0                     0                     0                     0                     0                     0                     0                     
PortChannel40  D         0                     0                     0                     0                     0                     0                     0                     0                     
PortChannel41  U         106497228391          0                     0                     0                     101878282656          0                     0                     0                     
PortChannel42  D         3314118               0                     0                     0                     18679304              0                     0                     0                     
PortChannel43  U         81170413723           0                     0                     0                     78331041556           0                     0                     0                     
PortChannel44  D         3314102               0                     0                     0                     18679304              0                     0                     0                     
PortChannel45  U         99846837908           0                     0                     0                     95981132545           0                     0                     0                     
PortChannel46  D         3314114               0                     0                     0                     18679304              0                     0                     0                     
PortChannel47  U         23378492920           0                     0                     0                     30668819896           0                     0                     0                     
PortChannel48  D         3314108               0                     0                     0                     18679304              0                     0                     0                     
PortChannel100 U         4624098450            0                     0                     0                     213710585362          0                     0                     0                     
