--ts-sonic--# show queue watermark unicast | no-more[J
Egress queue watermark per unicast queue:
----------------------------------------------------------------------------------------------------------------
Port        UC0       UC1       UC2       UC3       UC4       UC5       UC6       UC7       UC8       UC9       
----------------------------------------------------------------------------------------------------------------
Eth1/1      82176     0         0         0         0         0         0         0         0         512       
Eth1/2      3179008   1280      1280      0         1280      512       1280      0         0         1792      
Eth1/3      193536    0         0         0         0         0         0         0         0         512       
Eth1/4      7363584   1280      1280      1280      1280      0         1280      0         0         1792      
Eth1/5      148736    0         0         0         0         0         0         0         0         512       
Eth1/6      3227904   1280      1280      0         1280      0         0         0         0         1792      
Eth1/7      118016    0         0         0         0         0         0         0         0         512       
Eth1/8      533248    1280      1280      0         1280      0         0         0         0         1792      
Eth1/9      72960     0         0         0         0         0         0         0         0         512       
Eth1/10     620032    1280      1280      0         1280      1280      0         0         0         1792      
Eth1/11     50432     0         0         0         0         0         0         0         0         512       
Eth1/12     616448    0         0         0         0         0         0         0         0         1792      
Eth1/13     79360     0         0         0         0         0         0         0         0         512       
Eth1/14     766720    1280      1280      0         1280      0         0         0         0         1792      
Eth1/15     59136     0         0         0         0         0         0         0         0         512       
Eth1/16     611840    1280      1280      1280      1280      0         0         0         0         1792      
Eth1/17     107264    0         0         0         0         0         0         0         0         512       
Eth1/18     0         0         0         0         0         0         0         0         0         0         
Eth1/19     140032    0         0         0         0         0         0         0         0         512       
Eth1/20     0         0         0         0         0         0         0         0         0         0         
Eth1/21     154112    0         0         0         0         0         0         0         0         512       
Eth1/22     1528832   0         0         0         0         0         0         0         0         1792      
Eth1/23     98048     0         0         0         0         0         0         0         0         512       
Eth1/24     1468928   0         0         0         0         0         0         0         0         1792      
Eth1/25     0         0         0         0         0         0         0         0         0         0         
Eth1/26     0         0         0         0         0         0         0         0         0         0         
Eth1/27     0         0         0         0         0         0         0         0         0         0         
Eth1/28     0         0         0         0         0         0         0         0         0         0         
Eth1/29     0         0         0         0         0         0         0         0         0         0         
Eth1/30     0         0         0         0         0         0         0         0         0         0         
Eth1/31     1833728   0         0         0         0         0         0         0         0         512       
Eth1/32     3088128   0         0         0         0         0         0         0         0         1536      
Eth1/33     2643712   0         0         0         0         0         0         0         0         512       
Eth1/34     0         0         0         0         0         0         0         0         0         0         
Eth1/35     0         0         0         0         0         0         0         0         0         0         
Eth1/36     0         0         0         0         0         0         0         0         0         0         
Eth1/37     0         0         0         0         0         0         0         0         0         0         
Eth1/38     0         0         0         0         0         0         0         0         0         0         
Eth1/39     0         0         0         0         0         0         0         0         0         0         
Eth1/40     0         0         0         0         0         0         0         0         0         0         
Eth1/41     512000    0         0         0         0         0         0         0         0         512       
Eth1/42     0         0         0         0         0         0         0         0         0         512       
Eth1/43     1640960   0         0         0         0         0         0         0         0         512       
Eth1/44     0         0         0         0         0         0         0         0         0         512       
Eth1/45     1900800   0         0         0         0         0         0         0         0         512       
Eth1/46     0         0         0         0         0         0         0         0         0         512       
Eth1/47     396288    0         0         0         0         0         0         0         0         512       
Eth1/48     0         0         0         0         0         0         0         0         0         512       
Eth1/49     7680      0         768       0         0         0         0         0         0         1792      
Eth1/50     0         0         0         0         0         0         0         0         0         0         
Eth1/51     6400      0         0         0         1024      0         0         0         0         1792      
Eth1/52     0         0         0         0         0         0         0         0         0         0         
Eth1/53     6400      1280      1280      1280      1280      1280      256       0         0         9216      
Eth1/54     6656      1280      1280      256       1280      1280      256       0         0         9216      
Eth1/55     6400      1280      1280      1280      1280      1280      1280      0         0         9216      
Eth1/56     6400      1280      1280      0         1280      1280      512       0         0         9216      
