--ts-sonic--# show queue watermark multicast | no-more
Egress queue watermark per multicast queue:
----------------------------------------------------------------------------------------------------------------
Port        MC10      MC11      MC12      MC13      MC14      MC15      MC16      MC17      MC18      MC19      
----------------------------------------------------------------------------------------------------------------
Eth1/1      1792      0         0         0         0         0         0         0         0         0         
Eth1/2      70400     0         0         0         0         0         0         0         0         0         
Eth1/3      1792      0         0         0         0         0         0         0         0         0         
Eth1/4      70400     0         0         0         0         0         0         0         0         0         
Eth1/5      1792      0         0         0         0         0         0         0         0         0         
Eth1/6      70400     0         0         0         0         0         0         0         0         0         
Eth1/7      1792      0         0         0         0         0         0         0         0         0         
Eth1/8      70400     0         0         0         0         0         0         0         0         0         
Eth1/9      1792      0         0         0         0         0         0         0         0         0         
Eth1/10     70400     0         0         0         0         0         0         0         0         0         
Eth1/11     2048      0         0         0         0         0         0         0         0         0         
Eth1/12     49152     0         0         0         0         0         0         0         0         0         
Eth1/13     1792      0         0         0         0         0         0         0         0         0         
Eth1/14     70400     0         0         0         0         0         0         0         0         0         
Eth1/15     1792      0         0         0         0         0         0         0         0         0         
Eth1/16     70400     0         0         0         0         0         0         0         0         0         
Eth1/17     1792      0         0         0         0         0         0         0         0         0         
Eth1/18     0         0         0         0         0         0         0         0         0         0         
Eth1/19     1792      0         0         0         0         0         0         0         0         0         
Eth1/20     0         0         0         0         0         0         0         0         0         0         
Eth1/21     1792      0         0         0         0         0         0         0         0         0         
Eth1/22     53760     0         0         0         0         0         0         0         0         0         
Eth1/23     1792      0         0         0         0         0         0         0         0         0         
Eth1/24     51968     0         0         0         0         0         0         0         0         0         
Eth1/25     0         0         0         0         0         0         0         0         0         0         
Eth1/26     0         0         0         0         0         0         0         0         0         0         
Eth1/27     0         0         0         0         0         0         0         0         0         0         
Eth1/28     0         0         0         0         0         0         0         0         0         0         
Eth1/29     0         0         0         0         0         0         0         0         0         0         
Eth1/30     0         0         0         0         0         0         0         0         0         0         
Eth1/31     1792      0         0         0         0         0         0         0         0         0         
Eth1/32     51968     0         0         0         0         0         0         0         0         0         
Eth1/33     1792      0         0         0         0         0         0         0         0         0         
Eth1/34     0         0         0         0         0         0         0         0         0         0         
Eth1/35     0         0         0         0         0         0         0         0         0         0         
Eth1/36     0         0         0         0         0         0         0         0         0         0         
Eth1/37     0         0         0         0         0         0         0         0         0         0         
Eth1/38     0         0         0         0         0         0         0         0         0         0         
Eth1/39     0         0         0         0         0         0         0         0         0         0         
Eth1/40     0         0         0         0         0         0         0         0         0         0         
Eth1/41     1792      0         0         0         0         0         0         0         0         0         
Eth1/42     0         0         0         0         0         0         0         0         0         0         
Eth1/43     1792      0         0         0         0         0         0         0         0         0         
Eth1/44     0         0         0         0         0         0         0         0         0         0         
Eth1/45     1792      0         0         0         0         0         0         0         0         0         
Eth1/46     0         0         0         0         0         0         0         0         0         0         
Eth1/47     1792      0         0         0         0         0         0         0         0         0         
Eth1/48     0         0         0         0         0         0         0         0         0         0         
Eth1/49     3584      0         0         0         0         0         0         0         0         0         
Eth1/50     0         0         0         0         0         0         0         0         0         0         
Eth1/51     3584      0         0         0         0         0         0         0         0         0         
Eth1/52     0         0         0         0         0         0         0         0         0         0         
Eth1/53     599808    0         0         0         0         0         0         0         0         0         
Eth1/54     3584      0         0         0         0         0         0         0         0         0         
Eth1/55     0         0         0         0         0         0         0         0         0         0         
Eth1/56     0         0         0         0         0         0         0         0         0         0         
